[0;48;2;0;0;0m          [0m[0m[38;2;0;0;0;48;2;0;0;0m▄[0m[38;2;0;0;0;48;2;0;0;0m▄[0m[38;2;0;0;0;48;2;0;0;0m▄[0m[38;2;0;0;0;48;2;0;0;0m▄[0m[38;2;0;0;0;48;2;0;0;0m▄[0m[38;2;0;0;0;48;2;0;0;0m▄[0m[38;2;0;0;0;48;2;0;0;0m▄[0m[38;2;0;0;0;48;2;0;0;0m▄[0m[38;2;0;0;0;48;2;0;0;0m▄[0m[38;2;0;0;0;48;2;0;0;0m▄[0m[38;2;0;0;0;48;2;0;0;0m▄[0m[38;2;0;0;0;48;2;0;0;0m▄[0m[38;2;0;0;0;48;2;0;0;0m▄[0m[38;2;0;0;0;48;2;0;0;0m▄[0m[38;2;0;0;0;48;2;0;0;0m▄[0m[38;2;0;0;0;48;2;0;0;0m▄[0m[38;2;0;0;0;48;2;0;0;0m▄[0m[38;2;0;0;0;48;2;0;0;0m▄[0m[38;2;0;0;0;48;2;0;0;0m▄[0m[38;2;0;0;0;48;2;0;0;0m▄[0m[38;2;0;0;0;48;2;0;0;0m▄[0m[38;2;0;0;0;48;2;0;0;0m▄[0m[38;2;0;0;0;48;2;0;0;0m▄[0m[38;2;0;0;0;48;2;0;0;0m▄[0m[38;2;0;0;0;48;2;0;0;0m▄[0m[38;2;0;0;0;48;2;0;0;0m▄[0m[38;2;0;0;0;48;2;0;0;0m▄[0m[38;2;0;0;0;48;2;0;0;0m▄[0m[38;2;0;0;0;48;2;0;0;0m▄[0m[38;2;0;0;0;48;2;0;0;0m▄[0m[38;2;0;0;0;48;2;0;0;0m▄[0m[38;2;0;0;0;48;2;0;0;0m▄[0m[38;2;0;0;0;48;2;0;0;0m▄[0m[38;2;0;0;0;48;2;0;0;0m▄[0m[38;2;0;0;0;48;2;0;0;0m▄[0m[38;2;0;0;0;48;2;0;0;0m▄[0m[38;2;0;0;0;48;2;0;0;0m▄[0m[38;2;0;0;0;48;2;0;0;0m▄[0m[38;2;0;0;0;48;2;0;0;0m▄[0m[38;2;0;0;0;48;2;0;0;0m▄[0m[38;2;0;0;0;48;2;0;0;0m▄[0m[38;2;0;0;0;48;2;0;0;0m▄[0m[38;2;0;0;0;48;2;0;0;0m▄[0m[38;2;0;0;0;48;2;0;0;0m▄[0m[38;2;0;0;0;48;2;0;0;0m▄[0m[38;2;0;0;0;48;2;0;0;0m▄[0m[38;2;0;0;0;48;2;0;0;0m▄[0m[38;2;0;0;0;48;2;0;0;0m▄[0m[38;2;0;0;0;48;2;0;0;0m▄[0m[38;2;0;0;0;48;2;0;0;0m▄[0m[38;2;0;0;0;48;2;0;0;0m▄[0m[38;2;0;0;0;48;2;0;0;0m▄[0m[38;2;0;0;0;48;2;0;0;0m▄[0m[38;2;0;0;0;48;2;0;0;0m▄[0m[38;2;0;0;0;48;2;0;0;0m▄[0m[38;2;0;0;0;48;2;0;0;0m▄[0m[38;2;0;0;0;48;2;0;0;0m▄[0m[38;2;0;0;0;48;2;0;0;0m▄[0m[38;2;0;0;0;48;2;0;0;0m▄[0m[0;48;2;0;0;0m           [0m
[0;48;2;0;0;0m          [0m[38;2;0;0;0;48;2;0;0;0m▄[0m[38;2;0;0;0;48;2;0;0;0m▄[0m[38;2;0;0;0;48;2;0;0;0m▄[0m[38;2;0;0;0;48;2;0;0;0m▄[0m[38;2;0;0;0;48;2;0;0;0m▄[0m[38;2;0;0;0;48;2;0;0;0m▄[0m[38;2;0;0;0;48;2;0;0;0m▄[0m[38;2;0;0;0;48;2;0;0;0m▄[0m[38;2;0;0;0;48;2;0;0;0m▄[0m[38;2;0;0;0;48;2;0;0;0m▄[0m[38;2;0;0;0;48;2;0;0;0m▄[0m[38;2;0;0;0;48;2;0;0;0m▄[0m[38;2;0;0;0;48;2;0;0;0m▄[0m[38;2;0;0;0;48;2;0;0;0m▄[0m[38;2;0;0;0;48;2;0;0;0m▄[0m[38;2;0;0;0;48;2;0;0;0m▄[0m[38;2;0;0;0;48;2;0;0;0m▄[0m[38;2;0;0;0;48;2;0;0;0m▄[0m[38;2;0;0;0;48;2;0;0;0m▄[0m[38;2;0;0;0;48;2;0;0;0m▄[0m[38;2;0;0;0;48;2;0;0;0m▄[0m[38;2;0;0;0;48;2;0;0;0m▄[0m[38;2;0;0;0;48;2;0;0;0m▄[0m[38;2;0;0;0;48;2;0;0;0m▄[0m[38;2;0;0;0;48;2;0;0;0m▄[0m[38;2;0;0;0;48;2;0;0;0m▄[0m[38;2;0;0;0;48;2;0;0;0m▄[0m[38;2;0;0;0;48;2;0;0;0m▄[0m[38;2;0;0;0;48;2;0;0;0m▄[0m[38;2;0;0;0;48;2;0;0;0m▄[0m[38;2;0;0;0;48;2;0;0;0m▄[0m[38;2;0;0;0;48;2;0;0;0m▄[0m[38;2;0;0;0;48;2;0;0;0m▄[0m[38;2;0;0;0;48;2;0;0;0m▄[0m[38;2;0;0;0;48;2;0;0;0m▄[0m[38;2;0;0;0;48;2;0;0;0m▄[0m[38;2;0;0;0;48;2;0;0;0m▄[0m[38;2;0;0;0;48;2;0;0;0m▄[0m[38;2;0;0;0;48;2;0;0;0m▄[0m[38;2;0;0;0;48;2;0;0;0m▄[0m[38;2;0;0;0;48;2;0;0;0m▄[0m[38;2;0;0;0;48;2;0;0;0m▄[0m[38;2;0;0;0;48;2;0;0;0m▄[0m[38;2;0;0;0;48;2;0;0;0m▄[0m[38;2;0;0;0;48;2;0;0;0m▄[0m[38;2;0;0;0;48;2;0;0;0m▄[0m[38;2;0;0;0;48;2;0;0;0m▄[0m[38;2;0;0;0;48;2;0;0;0m▄[0m[38;2;0;0;0;48;2;0;0;0m▄[0m[38;2;0;0;0;48;2;0;0;0m▄[0m[38;2;0;0;0;48;2;0;0;0m▄[0m[38;2;0;0;0;48;2;0;0;0m▄[0m[38;2;0;0;0;48;2;0;0;0m▄[0m[38;2;0;0;0;48;2;0;0;0m▄[0m[38;2;0;0;0;48;2;0;0;0m▄[0m[38;2;0;0;0;48;2;0;0;0m▄[0m[38;2;0;0;0;48;2;0;0;0m▄[0m[38;2;0;0;0;48;2;0;0;0m▄[0m[38;2;0;0;0;48;2;0;0;0m▄[0m[0;48;2;0;0;0m           [0m
[0;48;2;0;0;0m          [0m[38;2;0;0;0;48;2;0;0;0m▄[0m[38;2;0;0;0;48;2;0;0;0m▄[0m[38;2;0;0;0;48;2;0;0;0m▄[0m[38;2;0;0;0;48;2;0;0;0m▄[0m[38;2;0;0;0;48;2;0;0;0m▄[0m[38;2;0;0;0;48;2;0;0;0m▄[0m[38;2;0;0;0;48;2;0;0;0m▄[0m[38;2;0;0;0;48;2;0;0;0m▄[0m[38;2;0;0;0;48;2;0;0;0m▄[0m[38;2;0;0;0;48;2;0;0;0m▄[0m[38;2;0;0;0;48;2;0;0;0m▄[0m[38;2;0;0;0;48;2;0;0;0m▄[0m[38;2;0;0;0;48;2;0;0;0m▄[0m[38;2;0;0;0;48;2;0;0;0m▄[0m[38;2;0;0;0;48;2;0;0;0m▄[0m[38;2;0;0;0;48;2;0;0;0m▄[0m[38;2;0;0;0;48;2;0;0;0m▄[0m[38;2;0;0;0;48;2;0;0;0m▄[0m[38;2;0;0;0;48;2;0;0;0m▄[0m[38;2;0;0;0;48;2;0;0;0m▄[0m[38;2;0;0;0;48;2;0;0;0m▄[0m[38;2;0;0;0;48;2;0;0;0m▄[0m[38;2;0;0;0;48;2;0;0;0m▄[0m[38;2;0;0;0;48;2;0;0;0m▄[0m[38;2;0;0;0;48;2;0;0;0m▄[0m[38;2;0;0;0;48;2;0;0;0m▄[0m[38;2;0;0;0;48;2;0;0;0m▄[0m[38;2;0;0;0;48;2;0;0;0m▄[0m[38;2;0;0;0;48;2;0;0;0m▄[0m[38;2;0;0;0;48;2;0;0;0m▄[0m[38;2;0;0;0;48;2;0;0;0m▄[0m[38;2;0;0;0;48;2;0;0;0m▄[0m[38;2;0;0;0;48;2;0;0;0m▄[0m[38;2;0;0;0;48;2;0;0;0m▄[0m[38;2;0;0;0;48;2;0;0;0m▄[0m[38;2;0;0;0;48;2;0;0;0m▄[0m[38;2;0;0;0;48;2;0;0;0m▄[0m[38;2;0;0;0;48;2;0;0;0m▄[0m[38;2;0;0;0;48;2;0;0;0m▄[0m[38;2;0;0;0;48;2;0;0;0m▄[0m[38;2;0;0;0;48;2;0;0;0m▄[0m[38;2;0;0;0;48;2;0;0;0m▄[0m[38;2;0;0;0;48;2;0;0;0m▄[0m[38;2;0;0;0;48;2;0;0;0m▄[0m[38;2;0;0;0;48;2;0;0;0m▄[0m[38;2;0;0;0;48;2;0;0;0m▄[0m[38;2;0;0;0;48;2;0;0;0m▄[0m[38;2;0;0;0;48;2;0;0;0m▄[0m[38;2;0;0;0;48;2;0;0;0m▄[0m[38;2;0;0;0;48;2;0;0;0m▄[0m[38;2;0;0;0;48;2;0;0;0m▄[0m[38;2;0;0;0;48;2;0;0;0m▄[0m[38;2;0;0;0;48;2;0;0;0m▄[0m[38;2;0;0;0;48;2;0;0;0m▄[0m[38;2;0;0;0;48;2;0;0;0m▄[0m[38;2;0;0;0;48;2;0;0;0m▄[0m[38;2;0;0;0;48;2;0;0;0m▄[0m[38;2;0;0;0;48;2;0;0;0m▄[0m[38;2;0;0;0;48;2;0;0;0m▄[0m[0;48;2;0;0;0m           [0m
[0;48;2;0;0;0m          [0m[38;2;0;0;0;48;2;0;0;0m▄[0m[38;2;0;0;0;48;2;0;0;0m▄[0m[38;2;0;0;0;48;2;0;0;0m▄[0m[38;2;0;0;0;48;2;0;0;0m▄[0m[38;2;0;0;0;48;2;0;0;0m▄[0m[38;2;0;0;0;48;2;0;0;0m▄[0m[38;2;0;0;0;48;2;0;0;0m▄[0m[38;2;0;0;0;48;2;0;0;0m▄[0m[38;2;0;0;0;48;2;0;0;0m▄[0m[38;2;0;0;0;48;2;0;0;0m▄[0m[38;2;0;0;0;48;2;0;0;0m▄[0m[38;2;0;0;0;48;2;0;0;0m▄[0m[38;2;0;0;0;48;2;0;0;0m▄[0m[38;2;0;0;0;48;2;0;0;0m▄[0m[38;2;0;0;0;48;2;0;0;0m▄[0m[38;2;0;0;0;48;2;0;0;0m▄[0m[38;2;0;0;0;48;2;0;0;0m▄[0m[38;2;0;0;0;48;2;0;0;0m▄[0m[38;2;0;0;0;48;2;0;0;0m▄[0m[38;2;5;0;0;48;2;0;0;0m▄[0m[38;2;60;1;2;48;2;0;0;0m▄[0m[38;2;156;10;12;48;2;0;0;0m▄[0m[38;2;164;9;11;48;2;0;0;0m▄[0m[38;2;168;6;8;48;2;0;0;0m▄[0m[38;2;147;3;4;48;2;0;0;0m▄[0m[38;2;70;0;1;48;2;0;0;0m▄[0m[38;2;21;0;0;48;2;0;0;0m▄[0m[38;2;0;0;0;48;2;0;0;0m▄[0m[38;2;0;0;0;48;2;0;0;0m▄[0m[38;2;0;0;0;48;2;0;0;0m▄[0m[38;2;0;0;0;48;2;0;0;0m▄[0m[38;2;0;0;0;48;2;0;0;0m▄[0m[38;2;10;0;0;48;2;0;0;0m▄[0m[38;2;52;0;1;48;2;0;0;0m▄[0m[38;2;139;4;5;48;2;0;0;0m▄[0m[38;2;164;7;8;48;2;0;0;0m▄[0m[38;2;168;5;6;48;2;0;0;0m▄[0m[38;2;155;3;5;48;2;0;0;0m▄[0m[38;2;65;0;1;48;2;0;0;0m▄[0m[38;2;6;0;0;48;2;0;0;0m▄[0m[38;2;0;0;0;48;2;0;0;0m▄[0m[38;2;0;0;0;48;2;0;0;0m▄[0m[38;2;0;0;0;48;2;0;0;0m▄[0m[38;2;0;0;0;48;2;0;0;0m▄[0m[38;2;0;0;0;48;2;0;0;0m▄[0m[38;2;0;0;0;48;2;0;0;0m▄[0m[38;2;0;0;0;48;2;0;0;0m▄[0m[38;2;0;0;0;48;2;0;0;0m▄[0m[38;2;0;0;0;48;2;0;0;0m▄[0m[38;2;0;0;0;48;2;0;0;0m▄[0m[38;2;0;0;0;48;2;0;0;0m▄[0m[38;2;0;0;0;48;2;0;0;0m▄[0m[38;2;0;0;0;48;2;0;0;0m▄[0m[38;2;0;0;0;48;2;0;0;0m▄[0m[38;2;0;0;0;48;2;0;0;0m▄[0m[38;2;0;0;0;48;2;0;0;0m▄[0m[38;2;0;0;0;48;2;0;0;0m▄[0m[38;2;0;0;0;48;2;0;0;0m▄[0m[38;2;0;0;0;48;2;0;0;0m▄[0m[0;48;2;0;0;0m           [0m
[0;48;2;0;0;0m          [0m[38;2;0;0;0;48;2;0;0;0m▄[0m[38;2;0;0;0;48;2;0;0;0m▄[0m[38;2;0;0;0;48;2;0;0;0m▄[0m[38;2;0;0;0;48;2;0;0;0m▄[0m[38;2;0;0;0;48;2;0;0;0m▄[0m[38;2;0;0;0;48;2;0;0;0m▄[0m[38;2;0;0;0;48;2;0;0;0m▄[0m[38;2;0;0;0;48;2;0;0;0m▄[0m[38;2;0;0;0;48;2;0;0;0m▄[0m[38;2;0;0;0;48;2;0;0;0m▄[0m[38;2;0;0;0;48;2;0;0;0m▄[0m[38;2;0;0;0;48;2;0;0;0m▄[0m[38;2;0;0;0;48;2;0;0;0m▄[0m[38;2;0;0;0;48;2;0;0;0m▄[0m[38;2;0;0;0;48;2;0;0;0m▄[0m[38;2;0;0;0;48;2;0;0;0m▄[0m[38;2;0;0;0;48;2;0;0;0m▄[0m[38;2;59;0;1;48;2;0;0;0m▄[0m[38;2;210;27;29;48;2;52;0;1m▄[0m[38;2;251;144;145;48;2;170;14;16m▄[0m[38;2;252;231;231;48;2;247;93;95m▄[0m[38;2;252;251;251;48;2;251;176;177m▄[0m[38;2;252;241;241;48;2;252;177;178m▄[0m[38;2;252;195;195;48;2;251;137;139m▄[0m[38;2;251;98;101;48;2;250;65;68m▄[0m[38;2;250;60;64;48;2;243;22;24m▄[0m[38;2;248;38;40;48;2;215;8;9m▄[0m[38;2;227;9;10;48;2;84;1;2m▄[0m[38;2;91;1;2;48;2;5;0;0m▄[0m[38;2;6;0;0;48;2;0;0;0m▄[0m[38;2;89;1;2;48;2;4;0;0m▄[0m[38;2;225;10;11;48;2;57;1;1m▄[0m[38;2;246;70;72;48;2;177;4;6m▄[0m[38;2;251;152;154;48;2;234;38;40m▄[0m[38;2;252;224;224;48;2;249;105;108m▄[0m[38;2;252;212;212;48;2;251;127;129m▄[0m[38;2;251;117;119;48;2;250;77;80m▄[0m[38;2;249;58;60;48;2;245;28;30m▄[0m[38;2;245;21;22;48;2;231;8;9m▄[0m[38;2;190;2;4;48;2;170;3;5m▄[0m[38;2;194;4;6;48;2;45;0;1m▄[0m[38;2;51;0;1;48;2;0;0;0m▄[0m[38;2;0;0;0;48;2;0;0;0m▄[0m[38;2;0;0;0;48;2;0;0;0m▄[0m[38;2;0;0;0;48;2;0;0;0m▄[0m[38;2;0;0;0;48;2;0;0;0m▄[0m[38;2;0;0;0;48;2;0;0;0m▄[0m[38;2;0;0;0;48;2;0;0;0m▄[0m[38;2;0;0;0;48;2;0;0;0m▄[0m[38;2;0;0;0;48;2;0;0;0m▄[0m[38;2;0;0;0;48;2;0;0;0m▄[0m[38;2;0;0;0;48;2;0;0;0m▄[0m[38;2;0;0;0;48;2;0;0;0m▄[0m[38;2;0;0;0;48;2;0;0;0m▄[0m[38;2;0;0;0;48;2;0;0;0m▄[0m[38;2;0;0;0;48;2;0;0;0m▄[0m[38;2;0;0;0;48;2;0;0;0m▄[0m[38;2;0;0;0;48;2;0;0;0m▄[0m[38;2;0;0;0;48;2;0;0;0m▄[0m[0;48;2;0;0;0m           [0m
[0;48;2;0;0;0m          [0m[38;2;0;0;0;48;2;0;0;0m▄[0m[38;2;0;0;0;48;2;0;0;0m▄[0m[38;2;0;0;0;48;2;0;0;0m▄[0m[38;2;0;0;0;48;2;0;0;0m▄[0m[38;2;0;0;0;48;2;0;0;0m▄[0m[38;2;0;0;0;48;2;0;0;0m▄[0m[38;2;0;0;0;48;2;0;0;0m▄[0m[38;2;0;0;0;48;2;0;0;0m▄[0m[38;2;0;0;0;48;2;0;0;0m▄[0m[38;2;0;0;0;48;2;0;0;0m▄[0m[38;2;0;0;0;48;2;0;0;0m▄[0m[38;2;0;0;0;48;2;0;0;0m▄[0m[38;2;0;0;0;48;2;0;0;0m▄[0m[38;2;0;0;0;48;2;0;0;0m▄[0m[38;2;0;0;0;48;2;0;0;0m▄[0m[38;2;0;0;0;48;2;0;0;0m▄[0m[38;2;49;0;1;48;2;13;0;0m▄[0m[38;2;239;25;27;48;2;195;7;9m▄[0m[38;2;251;135;136;48;2;250;94;96m▄[0m[38;2;252;199;200;48;2;252;241;241m▄[0m[38;2;252;180;180;48;2;252;251;251m▄[0m[38;2;251;109;112;48;2;252;211;211m▄[0m[38;2;250;62;65;48;2;251;136;138m▄[0m[38;2;248;30;32;48;2;250;88;92m▄[0m[38;2;248;24;26;48;2;249;54;57m▄[0m[38;2;248;24;26;48;2;249;47;50m▄[0m[38;2;248;25;27;48;2;248;27;30m▄[0m[38;2;247;22;24;48;2;242;16;18m▄[0m[38;2;241;19;21;48;2;196;3;4m▄[0m[38;2;217;30;33;48;2;80;1;1m▄[0m[38;2;250;84;87;48;2;219;12;14m▄[0m[38;2;251;117;120;48;2;248;88;89m▄[0m[38;2;251;103;105;48;2;251;141;143m▄[0m[38;2;250;65;68;48;2;252;164;165m▄[0m[38;2;249;55;57;48;2;252;188;189m▄[0m[38;2;248;32;34;48;2;251;118;121m▄[0m[38;2;242;15;16;48;2;249;57;59m▄[0m[38;2;228;7;8;48;2;246;27;29m▄[0m[38;2;230;6;7;48;2;241;13;15m▄[0m[38;2;243;32;33;48;2;216;6;7m▄[0m[38;2;227;28;29;48;2;192;2;4m▄[0m[38;2;208;4;6;48;2;197;5;6m▄[0m[38;2;51;0;1;48;2;11;0;0m▄[0m[38;2;0;0;0;48;2;0;0;0m▄[0m[38;2;0;0;0;48;2;0;0;0m▄[0m[38;2;0;0;0;48;2;0;0;0m▄[0m[38;2;0;0;0;48;2;0;0;0m▄[0m[38;2;0;0;0;48;2;0;0;0m▄[0m[38;2;0;0;0;48;2;0;0;0m▄[0m[38;2;0;0;0;48;2;0;0;0m▄[0m[38;2;0;0;0;48;2;0;0;0m▄[0m[38;2;0;0;0;48;2;0;0;0m▄[0m[38;2;0;0;0;48;2;0;0;0m▄[0m[38;2;0;0;0;48;2;0;0;0m▄[0m[38;2;0;0;0;48;2;0;0;0m▄[0m[38;2;0;0;0;48;2;0;0;0m▄[0m[38;2;0;0;0;48;2;0;0;0m▄[0m[38;2;0;0;0;48;2;0;0;0m▄[0m[38;2;0;0;0;48;2;0;0;0m▄[0m[0;48;2;0;0;0m           [0m
[0;48;2;0;0;0m          [0m[38;2;0;0;0;48;2;0;0;0m▄[0m[38;2;0;0;0;48;2;0;0;0m▄[0m[38;2;0;0;0;48;2;0;0;0m▄[0m[38;2;0;0;0;48;2;0;0;0m▄[0m[38;2;0;0;0;48;2;0;0;0m▄[0m[38;2;0;0;0;48;2;0;0;0m▄[0m[38;2;0;0;0;48;2;0;0;0m▄[0m[38;2;0;0;0;48;2;0;0;0m▄[0m[38;2;0;0;0;48;2;0;0;0m▄[0m[38;2;0;0;0;48;2;0;0;0m▄[0m[38;2;0;0;0;48;2;0;0;0m▄[0m[38;2;0;0;0;48;2;0;0;0m▄[0m[38;2;0;0;0;48;2;0;0;0m▄[0m[38;2;0;0;0;48;2;0;0;0m▄[0m[38;2;0;0;0;48;2;0;0;0m▄[0m[38;2;0;0;0;48;2;0;0;0m▄[0m[38;2;24;0;0;48;2;51;0;1m▄[0m[38;2;198;6;7;48;2;235;14;16m▄[0m[38;2;241;33;35;48;2;250;113;115m▄[0m[38;2;251;124;125;48;2;252;221;221m▄[0m[38;2;251;116;118;48;2;251;109;111m▄[0m[38;2;248;29;32;48;2;250;59;63m▄[0m[38;2;248;24;26;48;2;248;28;30m▄[0m[38;2;241;13;14;48;2;248;24;26m▄[0m[38;2;238;8;9;48;2;245;19;20m▄[0m[38;2;238;8;9;48;2;244;17;19m▄[0m[38;2;240;12;13;48;2;248;24;26m▄[0m[38;2;247;23;25;48;2;248;24;26m▄[0m[38;2;248;24;26;48;2;248;25;27m▄[0m[38;2;248;24;26;48;2;249;42;45m▄[0m[38;2;248;24;26;48;2;251;85;88m▄[0m[38;2;248;24;26;48;2;250;79;82m▄[0m[38;2;243;17;18;48;2;248;33;36m▄[0m[38;2;241;12;14;48;2;247;22;24m▄[0m[38;2;237;8;9;48;2;246;21;22m▄[0m[38;2;219;5;6;48;2;239;10;11m▄[0m[38;2;193;1;2;48;2;215;4;5m▄[0m[38;2;182;1;3;48;2;201;1;2m▄[0m[38;2;199;2;4;48;2;218;4;5m▄[0m[38;2;227;6;8;48;2;249;123;124m▄[0m[38;2;182;2;4;48;2;229;35;37m▄[0m[38;2;179;3;5;48;2;199;5;7m▄[0m[38;2;16;0;0;48;2;53;0;1m▄[0m[38;2;0;0;0;48;2;0;0;0m▄[0m[38;2;0;0;0;48;2;0;0;0m▄[0m[38;2;0;0;0;48;2;0;0;0m▄[0m[38;2;0;0;0;48;2;0;0;0m▄[0m[38;2;0;0;0;48;2;0;0;0m▄[0m[38;2;0;0;0;48;2;0;0;0m▄[0m[38;2;0;0;0;48;2;0;0;0m▄[0m[38;2;0;0;0;48;2;0;0;0m▄[0m[38;2;0;0;0;48;2;0;0;0m▄[0m[38;2;0;0;0;48;2;0;0;0m▄[0m[38;2;0;0;0;48;2;0;0;0m▄[0m[38;2;0;0;0;48;2;0;0;0m▄[0m[38;2;0;0;0;48;2;0;0;0m▄[0m[38;2;0;0;0;48;2;0;0;0m▄[0m[38;2;0;0;0;48;2;0;0;0m▄[0m[38;2;0;0;0;48;2;0;0;0m▄[0m[0;48;2;0;0;0m           [0m
[0;48;2;0;0;0m          [0m[38;2;0;0;0;48;2;0;0;0m▄[0m[38;2;0;0;0;48;2;0;0;0m▄[0m[38;2;0;0;0;48;2;0;0;0m▄[0m[38;2;0;0;0;48;2;0;0;0m▄[0m[38;2;0;0;0;48;2;0;0;0m▄[0m[38;2;0;0;0;48;2;0;0;0m▄[0m[38;2;0;0;0;48;2;0;0;0m▄[0m[38;2;0;0;0;48;2;0;0;0m▄[0m[38;2;0;0;0;48;2;0;0;0m▄[0m[38;2;0;0;0;48;2;0;0;0m▄[0m[38;2;0;0;0;48;2;0;0;0m▄[0m[38;2;0;0;0;48;2;0;0;0m▄[0m[38;2;0;0;0;48;2;0;0;0m▄[0m[38;2;0;0;0;48;2;0;0;0m▄[0m[38;2;0;0;0;48;2;0;0;0m▄[0m[38;2;0;0;0;48;2;0;0;0m▄[0m[38;2;0;0;0;48;2;0;0;0m▄[0m[38;2;18;0;0;48;2;113;1;3m▄[0m[38;2;178;3;5;48;2;216;5;6m▄[0m[38;2;212;4;5;48;2;231;17;18m▄[0m[38;2;218;9;11;48;2;249;61;64m▄[0m[38;2;239;50;52;48;2;247;27;28m▄[0m[38;2;230;7;8;48;2;242;15;16m▄[0m[38;2;204;2;3;48;2;230;7;8m▄[0m[38;2;201;1;2;48;2;219;5;6m▄[0m[38;2;203;1;2;48;2;233;7;8m▄[0m[38;2;218;4;5;48;2;238;8;9m▄[0m[38;2;231;7;8;48;2;238;8;9m▄[0m[38;2;238;8;9;48;2;240;12;13m▄[0m[38;2;238;8;9;48;2;246;22;22m▄[0m[38;2;238;8;9;48;2;246;20;22m▄[0m[38;2;224;6;7;48;2;241;12;13m▄[0m[38;2;210;3;4;48;2;238;8;9m▄[0m[38;2;201;1;2;48;2;229;6;7m▄[0m[38;2;189;1;3;48;2;209;3;4m▄[0m[38;2;164;0;3;48;2;195;1;2m▄[0m[38;2;142;0;4;48;2;170;1;3m▄[0m[38;2;159;0;3;48;2;149;0;4m▄[0m[38;2;170;1;3;48;2;153;0;4m▄[0m[38;2;184;3;5;48;2;160;0;3m▄[0m[38;2;167;3;5;48;2;188;3;6m▄[0m[38;2;15;0;0;48;2;107;1;3m▄[0m[38;2;0;0;0;48;2;0;0;0m▄[0m[38;2;0;0;0;48;2;0;0;0m▄[0m[38;2;0;0;0;48;2;0;0;0m▄[0m[38;2;0;0;0;48;2;0;0;0m▄[0m[38;2;0;0;0;48;2;0;0;0m▄[0m[38;2;0;0;0;48;2;0;0;0m▄[0m[38;2;0;0;0;48;2;0;0;0m▄[0m[38;2;0;0;0;48;2;0;0;0m▄[0m[38;2;0;0;0;48;2;0;0;0m▄[0m[38;2;0;0;0;48;2;0;0;0m▄[0m[38;2;0;0;0;48;2;0;0;0m▄[0m[38;2;0;0;0;48;2;0;0;0m▄[0m[38;2;0;0;0;48;2;0;0;0m▄[0m[38;2;0;0;0;48;2;0;0;0m▄[0m[38;2;0;0;0;48;2;0;0;0m▄[0m[38;2;0;0;0;48;2;0;0;0m▄[0m[38;2;0;0;0;48;2;0;0;0m▄[0m[0;48;2;0;0;0m           [0m
[0;48;2;0;0;0m          [0m[38;2;0;0;0;48;2;0;0;0m▄[0m[38;2;0;0;0;48;2;0;0;0m▄[0m[38;2;0;0;0;48;2;0;0;0m▄[0m[38;2;0;0;0;48;2;0;0;0m▄[0m[38;2;0;0;0;48;2;0;0;0m▄[0m[38;2;0;0;0;48;2;0;0;0m▄[0m[38;2;0;0;0;48;2;0;0;0m▄[0m[38;2;0;0;0;48;2;0;0;0m▄[0m[38;2;0;0;0;48;2;0;0;0m▄[0m[38;2;0;0;0;48;2;0;0;0m▄[0m[38;2;0;0;0;48;2;0;0;0m▄[0m[38;2;0;0;0;48;2;0;0;0m▄[0m[38;2;0;0;0;48;2;0;0;0m▄[0m[38;2;0;0;0;48;2;0;0;0m▄[0m[38;2;0;0;0;48;2;0;0;0m▄[0m[38;2;0;0;0;48;2;0;0;0m▄[0m[38;2;0;0;0;48;2;0;0;0m▄[0m[38;2;0;0;0;48;2;0;0;0m▄[0m[38;2;0;0;0;48;2;44;0;1m▄[0m[38;2;2;0;0;48;2;143;3;4m▄[0m[38;2;97;2;3;48;2;204;4;6m▄[0m[38;2;200;5;6;48;2;167;1;4m▄[0m[38;2;189;3;5;48;2;175;1;3m▄[0m[38;2;149;0;4;48;2;158;0;3m▄[0m[38;2;142;0;3;48;2;169;1;3m▄[0m[38;2;135;0;3;48;2;197;1;2m▄[0m[38;2;152;0;3;48;2;200;1;2m▄[0m[38;2;179;1;3;48;2;202;1;2m▄[0m[38;2;199;1;2;48;2;211;3;4m▄[0m[38;2;201;1;2;48;2;222;5;6m▄[0m[38;2;189;1;2;48;2;208;2;3m▄[0m[38;2;157;0;3;48;2;200;1;2m▄[0m[38;2;134;0;3;48;2;194;1;2m▄[0m[38;2;126;0;3;48;2;174;1;3m▄[0m[38;2;167;0;3;48;2;147;0;4m▄[0m[38;2;201;1;3;48;2;148;0;4m▄[0m[38;2;230;13;14;48;2;182;1;3m▄[0m[38;2;188;6;7;48;2;173;1;3m▄[0m[38;2;78;1;2;48;2;176;2;5m▄[0m[38;2;4;0;0;48;2;149;3;4m▄[0m[38;2;0;0;0;48;2;41;0;1m▄[0m[38;2;0;0;0;48;2;0;0;0m▄[0m[38;2;0;0;0;48;2;0;0;0m▄[0m[38;2;0;0;0;48;2;0;0;0m▄[0m[38;2;0;0;0;48;2;0;0;0m▄[0m[38;2;0;0;0;48;2;0;0;0m▄[0m[38;2;0;0;0;48;2;0;0;0m▄[0m[38;2;0;0;0;48;2;0;0;0m▄[0m[38;2;0;0;0;48;2;0;0;0m▄[0m[38;2;0;0;0;48;2;0;0;0m▄[0m[38;2;0;0;0;48;2;0;0;0m▄[0m[38;2;0;0;0;48;2;0;0;0m▄[0m[38;2;0;0;0;48;2;0;0;0m▄[0m[38;2;0;0;0;48;2;0;0;0m▄[0m[38;2;0;0;0;48;2;0;0;0m▄[0m[38;2;0;0;0;48;2;0;0;0m▄[0m[38;2;0;0;0;48;2;0;0;0m▄[0m[38;2;0;0;0;48;2;0;0;0m▄[0m[38;2;0;0;0;48;2;0;0;0m▄[0m[0;48;2;0;0;0m           [0m
[0;48;2;0;0;0m          [0m[38;2;0;0;0;48;2;0;0;0m▄[0m[38;2;0;0;0;48;2;0;0;0m▄[0m[38;2;0;0;0;48;2;0;0;0m▄[0m[38;2;0;0;0;48;2;0;0;0m▄[0m[38;2;0;0;0;48;2;0;0;0m▄[0m[38;2;0;0;0;48;2;0;0;0m▄[0m[38;2;0;0;0;48;2;0;0;0m▄[0m[38;2;0;0;0;48;2;0;0;0m▄[0m[38;2;0;0;0;48;2;0;0;0m▄[0m[38;2;0;0;0;48;2;0;0;0m▄[0m[38;2;0;0;0;48;2;0;0;0m▄[0m[38;2;0;0;0;48;2;0;0;0m▄[0m[38;2;0;0;0;48;2;0;0;0m▄[0m[38;2;0;0;0;48;2;0;0;0m▄[0m[38;2;0;0;0;48;2;0;0;0m▄[0m[38;2;0;0;0;48;2;0;0;0m▄[0m[38;2;0;0;0;48;2;0;0;0m▄[0m[38;2;0;0;0;48;2;0;0;0m▄[0m[38;2;0;0;0;48;2;0;0;0m▄[0m[38;2;0;0;0;48;2;0;0;0m▄[0m[38;2;0;0;0;48;2;0;0;0m▄[0m[38;2;0;0;0;48;2;23;0;1m▄[0m[38;2;12;0;0;48;2;158;3;5m▄[0m[38;2;81;1;2;48;2;211;5;6m▄[0m[38;2;192;5;6;48;2;179;2;5m▄[0m[38;2;184;3;5;48;2;132;0;3m▄[0m[38;2;154;0;3;48;2;121;0;3m▄[0m[38;2;125;0;2;48;2;131;0;3m▄[0m[38;2;112;0;2;48;2;140;0;4m▄[0m[38;2;118;0;3;48;2;162;0;3m▄[0m[38;2;113;0;2;48;2;140;0;4m▄[0m[38;2;133;0;3;48;2;120;0;3m▄[0m[38;2;168;2;5;48;2;120;0;3m▄[0m[38;2;215;6;8;48;2;172;1;3m▄[0m[38;2;184;5;6;48;2;219;8;9m▄[0m[38;2;84;1;2;48;2;226;9;10m▄[0m[38;2;0;0;0;48;2;151;4;6m▄[0m[38;2;0;0;0;48;2;23;0;1m▄[0m[38;2;0;0;0;48;2;0;0;0m▄[0m[38;2;0;0;0;48;2;0;0;0m▄[0m[38;2;0;0;0;48;2;0;0;0m▄[0m[38;2;0;0;0;48;2;0;0;0m▄[0m[38;2;0;0;0;48;2;0;0;0m▄[0m[38;2;0;0;0;48;2;0;0;0m▄[0m[38;2;0;0;0;48;2;0;0;0m▄[0m[38;2;0;0;0;48;2;0;0;0m▄[0m[38;2;0;0;0;48;2;0;0;0m▄[0m[38;2;0;0;0;48;2;0;0;0m▄[0m[38;2;0;0;0;48;2;0;0;0m▄[0m[38;2;0;0;0;48;2;0;0;0m▄[0m[38;2;0;0;0;48;2;0;0;0m▄[0m[38;2;0;0;0;48;2;0;0;0m▄[0m[38;2;0;0;0;48;2;0;0;0m▄[0m[38;2;0;0;0;48;2;0;0;0m▄[0m[38;2;0;0;0;48;2;0;0;0m▄[0m[38;2;0;0;0;48;2;0;0;0m▄[0m[38;2;0;0;0;48;2;0;0;0m▄[0m[38;2;0;0;0;48;2;0;0;0m▄[0m[38;2;0;0;0;48;2;0;0;0m▄[0m[0;48;2;0;0;0m           [0m
[0;48;2;0;0;0m          [0m[38;2;0;0;0;48;2;0;0;0m▄[0m[38;2;0;0;0;48;2;0;0;0m▄[0m[38;2;0;0;0;48;2;0;0;0m▄[0m[38;2;0;0;0;48;2;0;0;0m▄[0m[38;2;0;0;0;48;2;0;0;0m▄[0m[38;2;0;0;0;48;2;0;0;0m▄[0m[38;2;0;0;0;48;2;0;0;0m▄[0m[38;2;0;0;0;48;2;0;0;0m▄[0m[38;2;0;0;0;48;2;0;0;0m▄[0m[38;2;0;0;0;48;2;0;0;0m▄[0m[38;2;0;0;0;48;2;0;0;0m▄[0m[38;2;0;0;0;48;2;0;0;0m▄[0m[38;2;0;0;0;48;2;0;0;0m▄[0m[38;2;0;0;0;48;2;0;0;0m▄[0m[38;2;0;0;0;48;2;0;0;0m▄[0m[38;2;0;0;0;48;2;0;0;0m▄[0m[38;2;0;0;0;48;2;0;0;0m▄[0m[38;2;0;0;0;48;2;0;0;0m▄[0m[38;2;0;0;0;48;2;0;0;0m▄[0m[38;2;0;0;0;48;2;0;0;0m▄[0m[38;2;0;0;0;48;2;0;0;0m▄[0m[38;2;0;0;0;48;2;0;0;0m▄[0m[38;2;0;0;0;48;2;0;0;0m▄[0m[38;2;0;0;0;48;2;0;0;0m▄[0m[38;2;0;0;0;48;2;12;0;0m▄[0m[38;2;1;0;0;48;2;125;2;3m▄[0m[38;2;44;0;1;48;2;206;5;7m▄[0m[38;2;146;2;3;48;2;164;1;4m▄[0m[38;2;179;3;5;48;2;136;0;3m▄[0m[38;2;133;0;3;48;2;113;0;2m▄[0m[38;2;181;3;5;48;2;125;0;3m▄[0m[38;2;136;2;4;48;2;175;2;5m▄[0m[38;2;30;0;1;48;2;199;4;6m▄[0m[38;2;0;0;0;48;2;107;1;3m▄[0m[38;2;0;0;0;48;2;11;0;0m▄[0m[38;2;0;0;0;48;2;0;0;0m▄[0m[38;2;0;0;0;48;2;0;0;0m▄[0m[38;2;0;0;0;48;2;0;0;0m▄[0m[38;2;0;0;0;48;2;0;0;0m▄[0m[38;2;0;0;0;48;2;0;0;0m▄[0m[38;2;0;0;0;48;2;0;0;0m▄[0m[38;2;0;0;0;48;2;0;0;0m▄[0m[38;2;0;0;0;48;2;0;0;0m▄[0m[38;2;0;0;0;48;2;0;0;0m▄[0m[38;2;0;0;0;48;2;0;0;0m▄[0m[38;2;0;0;0;48;2;0;0;0m▄[0m[38;2;0;0;0;48;2;0;0;0m▄[0m[38;2;0;0;0;48;2;0;0;0m▄[0m[38;2;0;0;0;48;2;0;0;0m▄[0m[38;2;0;0;0;48;2;0;0;0m▄[0m[38;2;0;0;0;48;2;0;0;0m▄[0m[38;2;0;0;0;48;2;0;0;0m▄[0m[38;2;0;0;0;48;2;0;0;0m▄[0m[38;2;0;0;0;48;2;0;0;0m▄[0m[38;2;0;0;0;48;2;0;0;0m▄[0m[38;2;0;0;0;48;2;0;0;0m▄[0m[38;2;0;0;0;48;2;0;0;0m▄[0m[38;2;0;0;0;48;2;0;0;0m▄[0m[38;2;0;0;0;48;2;0;0;0m▄[0m[0;48;2;0;0;0m           [0m
[0;48;2;0;0;0m          [0m[38;2;0;0;0;48;2;0;0;0m▄[0m[38;2;0;0;0;48;2;0;0;0m▄[0m[38;2;0;0;0;48;2;0;0;0m▄[0m[38;2;0;0;0;48;2;0;0;0m▄[0m[38;2;0;0;0;48;2;0;0;0m▄[0m[38;2;0;0;0;48;2;0;0;0m▄[0m[38;2;0;0;0;48;2;0;0;0m▄[0m[38;2;0;0;0;48;2;0;0;0m▄[0m[38;2;0;0;0;48;2;0;0;0m▄[0m[38;2;0;0;0;48;2;0;0;0m▄[0m[38;2;0;0;0;48;2;0;0;0m▄[0m[38;2;0;0;0;48;2;0;0;0m▄[0m[38;2;0;0;0;48;2;0;0;0m▄[0m[38;2;0;0;0;48;2;0;0;0m▄[0m[38;2;0;0;0;48;2;0;0;0m▄[0m[38;2;0;0;0;48;2;0;0;0m▄[0m[38;2;0;0;0;48;2;0;0;0m▄[0m[38;2;0;0;0;48;2;0;0;0m▄[0m[38;2;0;0;0;48;2;0;0;0m▄[0m[38;2;0;0;0;48;2;0;0;0m▄[0m[38;2;0;0;0;48;2;0;0;0m▄[0m[38;2;0;0;0;48;2;0;0;0m▄[0m[38;2;0;0;0;48;2;0;0;0m▄[0m[38;2;0;0;0;48;2;0;0;0m▄[0m[38;2;0;0;0;48;2;0;0;0m▄[0m[38;2;0;0;0;48;2;0;0;0m▄[0m[38;2;0;0;0;48;2;0;0;0m▄[0m[38;2;0;0;0;48;2;6;0;0m▄[0m[38;2;0;0;0;48;2;75;1;2m▄[0m[38;2;13;0;0;48;2;174;3;5m▄[0m[38;2;0;0;0;48;2;71;1;2m▄[0m[38;2;0;0;0;48;2;6;0;0m▄[0m[38;2;0;0;0;48;2;0;0;0m▄[0m[38;2;0;0;0;48;2;0;0;0m▄[0m[38;2;0;0;0;48;2;0;0;0m▄[0m[38;2;0;0;0;48;2;0;0;0m▄[0m[38;2;0;0;0;48;2;0;0;0m▄[0m[38;2;0;0;0;48;2;0;0;0m▄[0m[38;2;0;0;0;48;2;0;0;0m▄[0m[38;2;0;0;0;48;2;0;0;0m▄[0m[38;2;0;0;0;48;2;0;0;0m▄[0m[38;2;0;0;0;48;2;0;0;0m▄[0m[38;2;0;0;0;48;2;0;0;0m▄[0m[38;2;0;0;0;48;2;0;0;0m▄[0m[38;2;0;0;0;48;2;0;0;0m▄[0m[38;2;0;0;0;48;2;0;0;0m▄[0m[38;2;0;0;0;48;2;0;0;0m▄[0m[38;2;0;0;0;48;2;0;0;0m▄[0m[38;2;0;0;0;48;2;0;0;0m▄[0m[38;2;0;0;0;48;2;0;0;0m▄[0m[38;2;0;0;0;48;2;0;0;0m▄[0m[38;2;0;0;0;48;2;0;0;0m▄[0m[38;2;0;0;0;48;2;0;0;0m▄[0m[38;2;0;0;0;48;2;0;0;0m▄[0m[38;2;0;0;0;48;2;0;0;0m▄[0m[38;2;0;0;0;48;2;0;0;0m▄[0m[38;2;0;0;0;48;2;0;0;0m▄[0m[38;2;0;0;0;48;2;0;0;0m▄[0m[38;2;0;0;0;48;2;0;0;0m▄[0m[0;48;2;0;0;0m           [0m
[0;48;2;0;0;0m          [0m[38;2;0;0;0;48;2;0;0;0m▄[0m[38;2;0;0;0;48;2;0;0;0m▄[0m[38;2;2;0;0;48;2;2;0;0m▄[0m[38;2;65;35;2;48;2;156;93;5m▄[0m[38;2;250;144;5;48;2;172;78;2m▄[0m[38;2;220;130;5;48;2;130;68;2m▄[0m[38;2;19;6;0;48;2;61;43;9m▄[0m[38;2;0;0;0;48;2;0;0;0m▄[0m[38;2;0;0;0;48;2;0;0;0m▄[0m[38;2;0;0;0;48;2;0;0;0m▄[0m[38;2;0;0;0;48;2;0;0;0m▄[0m[38;2;0;0;0;48;2;0;0;0m▄[0m[38;2;0;0;0;48;2;0;0;0m▄[0m[38;2;0;0;0;48;2;0;0;0m▄[0m[38;2;0;0;0;48;2;0;0;0m▄[0m[38;2;0;0;0;48;2;0;0;0m▄[0m[38;2;0;0;0;48;2;0;0;0m▄[0m[38;2;0;0;0;48;2;0;0;0m▄[0m[38;2;0;0;0;48;2;0;0;0m▄[0m[38;2;0;0;0;48;2;0;0;0m▄[0m[38;2;0;0;0;48;2;0;0;0m▄[0m[38;2;0;0;0;48;2;0;0;0m▄[0m[38;2;0;0;0;48;2;0;0;0m▄[0m[38;2;0;0;0;48;2;0;0;0m▄[0m[38;2;0;0;0;48;2;0;0;0m▄[0m[38;2;0;0;0;48;2;0;0;0m▄[0m[38;2;0;0;0;48;2;0;0;0m▄[0m[38;2;0;0;0;48;2;0;0;0m▄[0m[38;2;0;0;0;48;2;0;0;0m▄[0m[38;2;0;0;0;48;2;0;0;0m▄[0m[38;2;39;28;1;48;2;0;0;0m▄[0m[38;2;59;36;1;48;2;0;0;0m▄[0m[38;2;57;38;2;48;2;0;0;0m▄[0m[38;2;5;2;0;48;2;0;0;0m▄[0m[38;2;0;0;0;48;2;0;0;0m▄[0m[38;2;0;0;0;48;2;0;0;0m▄[0m[38;2;0;0;0;48;2;0;0;0m▄[0m[38;2;0;0;0;48;2;0;0;0m▄[0m[38;2;0;0;0;48;2;0;0;0m▄[0m[38;2;0;0;0;48;2;0;0;0m▄[0m[38;2;24;21;9;48;2;0;0;0m▄[0m[38;2;231;156;42;48;2;2;0;0m▄[0m[38;2;230;146;32;48;2;0;0;0m▄[0m[38;2;229;145;27;48;2;0;0;0m▄[0m[38;2;230;146;28;48;2;0;0;0m▄[0m[38;2;190;125;28;48;2;0;0;0m▄[0m[38;2;0;0;0;48;2;0;0;0m▄[0m[38;2;0;0;0;48;2;0;0;0m▄[0m[38;2;0;0;0;48;2;0;0;0m▄[0m[38;2;0;0;0;48;2;0;0;0m▄[0m[38;2;0;0;0;48;2;0;0;0m▄[0m[38;2;0;0;0;48;2;0;0;0m▄[0m[38;2;62;34;1;48;2;0;0;0m▄[0m[38;2;114;56;2;48;2;0;0;0m▄[0m[38;2;158;98;18;48;2;0;0;0m▄[0m[38;2;164;116;37;48;2;0;0;0m▄[0m[38;2;86;61;22;48;2;0;0;0m▄[0m[38;2;0;0;0;48;2;0;0;0m▄[0m[38;2;0;0;0;48;2;0;0;0m▄[0m[0;48;2;0;0;0m           [0m
[0;48;2;0;0;0m          [0m[38;2;0;0;0;48;2;0;0;0m▄[0m[38;2;0;0;0;48;2;0;0;0m▄[0m[38;2;0;0;0;48;2;0;0;0m▄[0m[38;2;26;22;5;48;2;26;20;1m▄[0m[38;2;251;198;27;48;2;250;172;7m▄[0m[38;2;193;155;25;48;2;193;136;6m▄[0m[38;2;107;77;5;48;2;0;0;0m▄[0m[38;2;224;156;10;48;2;49;33;2m▄[0m[38;2;230;159;12;48;2;45;28;1m▄[0m[38;2;102;66;3;48;2;63;37;1m▄[0m[38;2;244;180;16;48;2;168;92;3m▄[0m[38;2;113;78;8;48;2;108;64;2m▄[0m[38;2;98;68;3;48;2;80;48;2m▄[0m[38;2;111;72;4;48;2;121;71;3m▄[0m[38;2;185;138;11;48;2;172;97;4m▄[0m[38;2;149;104;9;48;2;223;138;5m▄[0m[38;2;30;20;2;48;2;223;141;9m▄[0m[38;2;21;8;0;48;2;30;15;1m▄[0m[38;2;154;96;4;48;2;23;15;0m▄[0m[38;2;204;121;5;48;2;51;32;1m▄[0m[38;2;45;28;1;48;2;34;23;1m▄[0m[38;2;193;124;7;48;2;65;40;2m▄[0m[38;2;166;110;5;48;2;16;11;1m▄[0m[38;2;239;160;10;48;2;13;6;0m▄[0m[38;2;147;98;4;48;2;0;0;0m▄[0m[38;2;187;130;8;48;2;13;10;0m▄[0m[38;2;163;104;5;48;2;10;5;0m▄[0m[38;2;188;125;6;48;2;12;7;0m▄[0m[38;2;143;95;4;48;2;11;7;0m▄[0m[38;2;0;0;0;48;2;0;0;0m▄[0m[38;2;5;3;0;48;2;58;26;1m▄[0m[38;2;247;182;14;48;2;249;142;5m▄[0m[38;2;85;67;8;48;2;130;74;3m▄[0m[38;2;145;101;5;48;2;6;2;0m▄[0m[38;2;215;142;7;48;2;57;37;2m▄[0m[38;2;236;162;9;48;2;30;19;1m▄[0m[38;2;49;29;1;48;2;0;0;0m▄[0m[38;2;225;152;7;48;2;23;14;1m▄[0m[38;2;156;99;4;48;2;67;44;2m▄[0m[38;2;154;96;4;48;2;51;29;1m▄[0m[38;2;7;4;0;48;2;25;22;7m▄[0m[38;2;6;3;0;48;2;142;99;10m▄[0m[38;2;118;93;13;48;2;181;119;5m▄[0m[38;2;250;188;18;48;2;250;157;6m▄[0m[38;2;52;41;7;48;2;133;95;5m▄[0m[38;2;154;106;6;48;2;118;78;4m▄[0m[38;2;182;118;5;48;2;2;1;0m▄[0m[38;2;156;102;5;48;2;31;19;0m▄[0m[38;2;238;154;7;48;2;57;37;2m▄[0m[38;2;13;3;0;48;2;7;0;0m▄[0m[38;2;232;168;13;48;2;137;83;3m▄[0m[38;2;204;148;10;48;2;173;103;4m▄[0m[38;2;76;62;11;48;2;104;66;3m▄[0m[38;2;250;188;18;48;2;250;152;5m▄[0m[38;2;94;76;13;48;2;157;104;5m▄[0m[38;2;0;0;0;48;2;120;72;3m▄[0m[38;2;36;15;1;48;2;112;76;4m▄[0m[38;2;0;0;0;48;2;0;0;0m▄[0m[38;2;0;0;0;48;2;0;0;0m▄[0m[0;48;2;0;0;0m           [0m
[0;48;2;0;0;0m          [0m[38;2;0;0;0;48;2;0;0;0m▄[0m[38;2;0;0;0;48;2;0;0;0m▄[0m[38;2;0;0;0;48;2;0;0;0m▄[0m[38;2;25;22;8;48;2;25;23;9m▄[0m[38;2;251;212;69;48;2;251;218;64m▄[0m[38;2;194;154;50;48;2;193;169;54m▄[0m[38;2;187;160;54;48;2;188;159;40m▄[0m[38;2;124;100;34;48;2;127;103;25m▄[0m[38;2;129;102;34;48;2;136;114;31m▄[0m[38;2;167;132;43;48;2;160;136;36m▄[0m[38;2;156;135;45;48;2;206;174;50m▄[0m[38;2;182;156;55;48;2;142;114;27m▄[0m[38;2;184;158;52;48;2;141;117;31m▄[0m[38;2;13;5;1;48;2;55;39;12m▄[0m[38;2;186;154;51;48;2;185;162;51m▄[0m[38;2;202;171;52;48;2;162;137;39m▄[0m[38;2;125;92;30;48;2;56;40;14m▄[0m[38;2;0;0;0;48;2;0;0;0m▄[0m[38;2;31;23;6;48;2;92;69;9m▄[0m[38;2;251;220;67;48;2;233;179;22m▄[0m[38;2;177;149;48;48;2;92;71;15m▄[0m[38;2;79;63;21;48;2;142;113;30m▄[0m[38;2;249;206;72;48;2;250;215;60m▄[0m[38;2;49;40;15;48;2;64;50;14m▄[0m[38;2;240;195;65;48;2;241;203;49m▄[0m[38;2;164;136;42;48;2;162;141;40m▄[0m[38;2;150;113;34;48;2;146;118;31m▄[0m[38;2;170;145;51;48;2;170;141;31m▄[0m[38;2;116;92;29;48;2;113;94;19m▄[0m[38;2;0;0;0;48;2;0;0;0m▄[0m[38;2;4;3;1;48;2;4;3;0m▄[0m[38;2;247;202;68;48;2;247;209;51m▄[0m[38;2;90;70;25;48;2;85;76;25m▄[0m[38;2;224;185;62;48;2;224;190;46m▄[0m[38;2;89;63;22;48;2;91;71;19m▄[0m[38;2;191;155;51;48;2;197;167;45m▄[0m[38;2;157;116;42;48;2;154;123;31m▄[0m[38;2;243;196;62;48;2;243;205;50m▄[0m[38;2;89;68;22;48;2;8;1;0m▄[0m[38;2;178;154;52;48;2;18;6;0m▄[0m[38;2;11;5;0;48;2;0;0;0m▄[0m[38;2;0;0;0;48;2;0;0;0m▄[0m[38;2;149;107;34;48;2;117;103;34m▄[0m[38;2;251;209;67;48;2;251;216;59m▄[0m[38;2;90;58;16;48;2;49;43;15m▄[0m[38;2;126;103;35;48;2;127;107;24m▄[0m[38;2;170;139;46;48;2;170;144;39m▄[0m[38;2;138;121;45;48;2;138;117;30m▄[0m[38;2;221;186;57;48;2;251;215;56m▄[0m[38;2;217;186;59;48;2;103;74;17m▄[0m[38;2;231;195;61;48;2;251;215;55m▄[0m[38;2;213;175;58;48;2;210;174;49m▄[0m[38;2;76;67;25;48;2;76;69;26m▄[0m[38;2;252;219;71;48;2;251;217;61m▄[0m[38;2;210;184;60;48;2;94;82;26m▄[0m[38;2;182;161;60;48;2;11;8;2m▄[0m[38;2;0;0;0;48;2;0;0;0m▄[0m[38;2;0;0;0;48;2;0;0;0m▄[0m[38;2;0;0;0;48;2;0;0;0m▄[0m[0;48;2;0;0;0m           [0m
[0;48;2;0;0;0m          [0m[38;2;0;0;0;48;2;0;0;0m▄[0m[38;2;0;0;0;48;2;0;0;0m▄[0m[38;2;0;0;0;48;2;0;0;0m▄[0m[38;2;25;11;0;48;2;25;13;1m▄[0m[38;2;249;89;2;48;2;249;87;4m▄[0m[38;2;192;73;2;48;2;190;72;2m▄[0m[38;2;186;84;2;48;2;185;75;3m▄[0m[38;2;126;56;2;48;2;125;51;1m▄[0m[38;2;127;62;2;48;2;127;46;1m▄[0m[38;2;171;78;2;48;2;171;61;2m▄[0m[38;2;65;30;1;48;2;110;66;10m▄[0m[38;2;249;118;5;48;2;220;172;48m▄[0m[38;2;148;64;2;48;2;187;114;19m▄[0m[38;2;0;0;0;48;2;2;0;0m▄[0m[38;2;184;86;3;48;2;185;71;2m▄[0m[38;2;159;71;3;48;2;154;63;4m▄[0m[38;2;36;28;9;48;2;6;0;0m▄[0m[38;2;31;14;1;48;2;0;0;0m▄[0m[38;2;0;0;0;48;2;1;0;0m▄[0m[38;2;146;60;1;48;2;218;167;46m▄[0m[38;2;218;81;2;48;2;238;188;56m▄[0m[38;2;12;6;0;48;2;30;10;2m▄[0m[38;2;249;122;4;48;2;248;97;2m▄[0m[38;2;51;27;1;48;2;49;24;1m▄[0m[38;2;238;112;3;48;2;238;87;2m▄[0m[38;2;165;83;3;48;2;163;69;3m▄[0m[38;2;151;67;2;48;2;151;56;2m▄[0m[38;2;170;80;2;48;2;170;61;1m▄[0m[38;2;122;57;2;48;2;121;44;1m▄[0m[38;2;0;0;0;48;2;0;0;0m▄[0m[38;2;5;1;0;48;2;4;1;0m▄[0m[38;2;245;98;2;48;2;246;86;2m▄[0m[38;2;88;44;1;48;2;92;36;1m▄[0m[38;2;223;103;3;48;2;224;76;2m▄[0m[38;2;95;45;1;48;2;90;37;1m▄[0m[38;2;200;93;3;48;2;191;70;1m▄[0m[38;2;156;81;3;48;2;160;63;2m▄[0m[38;2;245;117;4;48;2;244;88;2m▄[0m[38;2;85;38;1;48;2;85;35;2m▄[0m[38;2;237;105;3;48;2;237;107;9m▄[0m[38;2;4;0;0;48;2;4;0;0m▄[0m[38;2;0;0;0;48;2;0;0;0m▄[0m[38;2;116;50;1;48;2;116;42;1m▄[0m[38;2;249;105;3;48;2;249;84;3m▄[0m[38;2;70;31;1;48;2;66;27;1m▄[0m[38;2;126;55;1;48;2;125;45;1m▄[0m[38;2;171;78;2;48;2;170;61;1m▄[0m[38;2;136;53;1;48;2;136;49;3m▄[0m[38;2;116;50;2;48;2;163;86;11m▄[0m[38;2;219;96;3;48;2;248;159;30m▄[0m[38;2;149;58;1;48;2;172;76;4m▄[0m[38;2;212;83;2;48;2;213;89;6m▄[0m[38;2;75;39;1;48;2;75;38;4m▄[0m[38;2;249;97;2;48;2;249;108;10m▄[0m[38;2;92;41;1;48;2;147;100;17m▄[0m[38;2;26;7;0;48;2;155;103;19m▄[0m[38;2;0;0;0;48;2;0;0;0m▄[0m[38;2;0;0;0;48;2;0;0;0m▄[0m[38;2;0;0;0;48;2;0;0;0m▄[0m[0;48;2;0;0;0m           [0m
[0;48;2;0;0;0m          [0m[38;2;0;0;0;48;2;0;0;0m▄[0m[38;2;0;0;0;48;2;0;0;0m▄[0m[38;2;0;0;0;48;2;0;0;0m▄[0m[38;2;26;21;2;48;2;26;18;1m▄[0m[38;2;250;133;4;48;2;249;113;3m▄[0m[38;2;211;114;5;48;2;196;98;3m▄[0m[38;2;36;21;1;48;2;168;88;3m▄[0m[38;2;176;110;11;48;2;177;91;3m▄[0m[38;2;154;96;6;48;2;194;107;4m▄[0m[38;2;93;51;12;48;2;138;65;2m▄[0m[38;2;1;0;0;48;2;27;14;0m▄[0m[38;2;220;142;7;48;2;249;142;5m▄[0m[38;2;26;9;0;48;2;88;43;2m▄[0m[38;2;31;20;5;48;2;0;0;0m▄[0m[38;2;153;94;12;48;2;186;108;4m▄[0m[38;2;93;56;9;48;2;208;124;10m▄[0m[38;2;59;38;3;48;2;210;141;11m▄[0m[38;2;16;3;0;48;2;37;14;1m▄[0m[38;2;0;0;0;48;2;0;0;0m▄[0m[38;2;140;93;4;48;2;138;79;3m▄[0m[38;2;224;133;6;48;2;220;101;3m▄[0m[38;2;0;0;0;48;2;4;2;0m▄[0m[38;2;28;16;1;48;2;214;116;5m▄[0m[38;2;112;76;13;48;2;202;117;4m▄[0m[38;2;25;11;0;48;2;206;109;4m▄[0m[38;2;3;1;0;48;2;120;67;2m▄[0m[38;2;93;61;14;48;2;224;127;4m▄[0m[38;2;77;48;4;48;2;233;137;5m▄[0m[38;2;2;0;0;48;2;86;44;2m▄[0m[38;2;0;0;0;48;2;0;0;0m▄[0m[38;2;4;2;0;48;2;5;2;0m▄[0m[38;2;246;155;6;48;2;246;129;4m▄[0m[38;2;135;106;18;48;2;89;57;3m▄[0m[38;2;74;67;20;48;2;130;73;3m▄[0m[38;2;118;101;27;48;2;222;137;7m▄[0m[38;2;65;40;5;48;2;230;131;5m▄[0m[38;2;0;0;0;48;2;67;32;1m▄[0m[38;2;70;41;2;48;2;244;131;4m▄[0m[38;2;153;98;12;48;2;160;92;5m▄[0m[38;2;180;105;11;48;2;237;125;4m▄[0m[38;2;6;0;0;48;2;4;0;0m▄[0m[38;2;0;0;0;48;2;0;0;0m▄[0m[38;2;117;75;3;48;2;117;66;2m▄[0m[38;2;250;144;5;48;2;250;125;4m▄[0m[38;2;64;40;2;48;2;70;36;2m▄[0m[38;2;144;92;5;48;2;126;66;2m▄[0m[38;2;178;113;5;48;2;173;92;3m▄[0m[38;2;137;89;5;48;2;137;76;3m▄[0m[38;2;51;31;2;48;2;69;33;1m▄[0m[38;2;57;32;1;48;2;158;80;3m▄[0m[38;2;149;90;3;48;2;148;73;2m▄[0m[38;2;214;128;6;48;2;213;104;3m▄[0m[38;2;77;56;3;48;2;76;47;2m▄[0m[38;2;250;138;5;48;2;250;123;4m▄[0m[38;2;93;62;3;48;2;94;54;2m▄[0m[38;2;0;0;0;48;2;0;0;0m▄[0m[38;2;6;1;0;48;2;0;0;0m▄[0m[38;2;0;0;0;48;2;0;0;0m▄[0m[38;2;0;0;0;48;2;0;0;0m▄[0m[0;48;2;0;0;0m           [0m
[0;48;2;0;0;0m          [0m[38;2;0;0;0;48;2;0;0;0m▄[0m[38;2;0;0;0;48;2;0;0;0m▄[0m[38;2;0;0;0;48;2;0;0;0m▄[0m[38;2;57;43;10;48;2;26;23;5m▄[0m[38;2;250;183;10;48;2;250;161;8m▄[0m[38;2;249;191;20;48;2;208;134;7m▄[0m[38;2;227;174;36;48;2;47;38;12m▄[0m[38;2;185;113;18;48;2;126;95;19m▄[0m[38;2;129;67;18;48;2;200;146;25m▄[0m[38;2;80;25;8;48;2;193;119;13m▄[0m[38;2;4;0;0;48;2;0;0;0m▄[0m[38;2;22;8;0;48;2;123;80;4m▄[0m[38;2;0;0;0;48;2;2;0;0m▄[0m[38;2;0;0;0;48;2;9;0;0m▄[0m[38;2;0;0;0;48;2;1;0;0m▄[0m[38;2;0;0;0;48;2;0;0;0m▄[0m[38;2;0;0;0;48;2;0;0;0m▄[0m[38;2;0;0;0;48;2;0;0;0m▄[0m[38;2;37;15;3;48;2;0;0;0m▄[0m[38;2;99;63;22;48;2;161;125;17m▄[0m[38;2;17;2;0;48;2;218;164;21m▄[0m[38;2;0;0;0;48;2;27;17;3m▄[0m[38;2;0;0;0;48;2;0;0;0m▄[0m[38;2;0;0;0;48;2;0;0;0m▄[0m[38;2;0;0;0;48;2;0;0;0m▄[0m[38;2;0;0;0;48;2;0;0;0m▄[0m[38;2;0;0;0;48;2;0;0;0m▄[0m[38;2;0;0;0;48;2;0;0;0m▄[0m[38;2;0;0;0;48;2;0;0;0m▄[0m[38;2;0;0;0;48;2;0;0;0m▄[0m[38;2;13;0;0;48;2;73;52;14m▄[0m[38;2;1;0;0;48;2;198;126;9m▄[0m[38;2;0;0;0;48;2;188;127;12m▄[0m[38;2;0;0;0;48;2;194;130;18m▄[0m[38;2;0;0;0;48;2;197;130;15m▄[0m[38;2;9;0;0;48;2;81;48;6m▄[0m[38;2;0;0;0;48;2;0;0;0m▄[0m[38;2;0;0;0;48;2;0;0;0m▄[0m[38;2;0;0;0;48;2;0;0;0m▄[0m[38;2;0;0;0;48;2;1;0;0m▄[0m[38;2;0;0;0;48;2;2;0;0m▄[0m[38;2;24;8;2;48;2;0;0;0m▄[0m[38;2;191;160;49;48;2;117;91;14m▄[0m[38;2;252;216;58;48;2;250;178;9m▄[0m[38;2;154;117;36;48;2;53;43;8m▄[0m[38;2;4;0;0;48;2;64;45;15m▄[0m[38;2;0;0;0;48;2;99;65;15m▄[0m[38;2;0;0;0;48;2;133;87;16m▄[0m[38;2;8;0;0;48;2;81;44;8m▄[0m[38;2;11;2;0;48;2;7;0;0m▄[0m[38;2;100;61;17;48;2;160;116;9m▄[0m[38;2;168;113;25;48;2;218;150;7m▄[0m[38;2;152;119;29;48;2;76;61;10m▄[0m[38;2;250;190;20;48;2;250;165;7m▄[0m[38;2;206;154;17;48;2;94;72;9m▄[0m[38;2;154;121;23;48;2;0;0;0m▄[0m[38;2;155;102;21;48;2;97;54;21m▄[0m[38;2;0;0;0;48;2;0;0;0m▄[0m[38;2;0;0;0;48;2;0;0;0m▄[0m[0;48;2;0;0;0m           [0m
[0;48;2;0;0;0m          [0m[38;2;0;0;0;48;2;0;0;0m▄[0m[38;2;0;0;0;48;2;0;0;0m▄[0m[38;2;60;33;9;48;2;0;0;0m▄[0m[38;2;119;44;14;48;2;177;140;29m▄[0m[38;2;34;0;0;48;2;203;139;28m▄[0m[38;2;1;0;0;48;2;133;56;18m▄[0m[38;2;0;0;0;48;2;52;1;1m▄[0m[38;2;0;0;0;48;2;12;0;0m▄[0m[38;2;0;0;0;48;2;0;0;0m▄[0m[38;2;0;0;0;48;2;0;0;0m▄[0m[38;2;0;0;0;48;2;0;0;0m▄[0m[38;2;0;0;0;48;2;0;0;0m▄[0m[38;2;0;0;0;48;2;0;0;0m▄[0m[38;2;0;0;0;48;2;0;0;0m▄[0m[38;2;0;0;0;48;2;0;0;0m▄[0m[38;2;0;0;0;48;2;0;0;0m▄[0m[38;2;0;0;0;48;2;0;0;0m▄[0m[38;2;0;0;0;48;2;0;0;0m▄[0m[38;2;0;0;0;48;2;1;0;0m▄[0m[38;2;0;0;0;48;2;0;0;0m▄[0m[38;2;0;0;0;48;2;0;0;0m▄[0m[38;2;0;0;0;48;2;0;0;0m▄[0m[38;2;0;0;0;48;2;0;0;0m▄[0m[38;2;0;0;0;48;2;0;0;0m▄[0m[38;2;0;0;0;48;2;0;0;0m▄[0m[38;2;0;0;0;48;2;0;0;0m▄[0m[38;2;0;0;0;48;2;0;0;0m▄[0m[38;2;0;0;0;48;2;0;0;0m▄[0m[38;2;0;0;0;48;2;0;0;0m▄[0m[38;2;0;0;0;48;2;0;0;0m▄[0m[38;2;0;0;0;48;2;0;0;0m▄[0m[38;2;0;0;0;48;2;0;0;0m▄[0m[38;2;0;0;0;48;2;0;0;0m▄[0m[38;2;0;0;0;48;2;0;0;0m▄[0m[38;2;0;0;0;48;2;0;0;0m▄[0m[38;2;0;0;0;48;2;0;0;0m▄[0m[38;2;0;0;0;48;2;0;0;0m▄[0m[38;2;0;0;0;48;2;0;0;0m▄[0m[38;2;0;0;0;48;2;0;0;0m▄[0m[38;2;0;0;0;48;2;0;0;0m▄[0m[38;2;0;0;0;48;2;0;0;0m▄[0m[38;2;0;0;0;48;2;0;0;0m▄[0m[38;2;8;0;0;48;2;115;51;4m▄[0m[38;2;168;86;7;48;2;247;185;21m▄[0m[38;2;0;0;0;48;2;62;16;1m▄[0m[38;2;0;0;0;48;2;0;0;0m▄[0m[38;2;0;0;0;48;2;0;0;0m▄[0m[38;2;0;0;0;48;2;0;0;0m▄[0m[38;2;0;0;0;48;2;0;0;0m▄[0m[38;2;0;0;0;48;2;0;0;0m▄[0m[38;2;0;0;0;48;2;0;0;0m▄[0m[38;2;0;0;0;48;2;2;0;0m▄[0m[38;2;0;0;0;48;2;28;0;0m▄[0m[38;2;0;0;0;48;2;88;39;11m▄[0m[38;2;12;0;0;48;2;185;121;24m▄[0m[38;2;83;29;9;48;2;244;187;21m▄[0m[38;2;124;59;10;48;2;157;100;13m▄[0m[38;2;0;0;0;48;2;0;0;0m▄[0m[38;2;0;0;0;48;2;0;0;0m▄[0m[0;48;2;0;0;0m           [0m
[0;48;2;0;0;0m          [0m[38;2;0;0;0;48;2;0;0;0m▄[0m[38;2;0;0;0;48;2;0;0;0m▄[0m[38;2;0;0;0;48;2;5;0;0m▄[0m[38;2;0;0;0;48;2;1;0;0m▄[0m[38;2;0;0;0;48;2;0;0;0m▄[0m[38;2;0;0;0;48;2;0;0;0m▄[0m[38;2;0;0;0;48;2;0;0;0m▄[0m[38;2;0;0;0;48;2;0;0;0m▄[0m[38;2;0;0;0;48;2;0;0;0m▄[0m[38;2;0;0;0;48;2;0;0;0m▄[0m[38;2;0;0;0;48;2;0;0;0m▄[0m[38;2;0;0;0;48;2;0;0;0m▄[0m[38;2;0;0;0;48;2;0;0;0m▄[0m[38;2;0;0;0;48;2;0;0;0m▄[0m[38;2;0;0;0;48;2;0;0;0m▄[0m[38;2;0;0;0;48;2;0;0;0m▄[0m[38;2;0;0;0;48;2;0;0;0m▄[0m[38;2;0;0;0;48;2;0;0;0m▄[0m[38;2;0;0;0;48;2;0;0;0m▄[0m[38;2;0;0;0;48;2;0;0;0m▄[0m[38;2;0;0;0;48;2;0;0;0m▄[0m[38;2;0;0;0;48;2;0;0;0m▄[0m[38;2;0;0;0;48;2;0;0;0m▄[0m[38;2;0;0;0;48;2;0;0;0m▄[0m[38;2;0;0;0;48;2;0;0;0m▄[0m[38;2;0;0;0;48;2;0;0;0m▄[0m[38;2;0;0;0;48;2;0;0;0m▄[0m[38;2;0;0;0;48;2;0;0;0m▄[0m[38;2;0;0;0;48;2;0;0;0m▄[0m[38;2;0;0;0;48;2;0;0;0m▄[0m[38;2;0;0;0;48;2;0;0;0m▄[0m[38;2;0;0;0;48;2;0;0;0m▄[0m[38;2;0;0;0;48;2;0;0;0m▄[0m[38;2;0;0;0;48;2;0;0;0m▄[0m[38;2;0;0;0;48;2;0;0;0m▄[0m[38;2;0;0;0;48;2;0;0;0m▄[0m[38;2;0;0;0;48;2;0;0;0m▄[0m[38;2;0;0;0;48;2;0;0;0m▄[0m[38;2;0;0;0;48;2;0;0;0m▄[0m[38;2;0;0;0;48;2;0;0;0m▄[0m[38;2;0;0;0;48;2;0;0;0m▄[0m[38;2;0;0;0;48;2;0;0;0m▄[0m[38;2;0;0;0;48;2;0;0;0m▄[0m[38;2;0;0;0;48;2;20;0;1m▄[0m[38;2;0;0;0;48;2;0;0;0m▄[0m[38;2;0;0;0;48;2;0;0;0m▄[0m[38;2;0;0;0;48;2;0;0;0m▄[0m[38;2;0;0;0;48;2;0;0;0m▄[0m[38;2;0;0;0;48;2;0;0;0m▄[0m[38;2;0;0;0;48;2;0;0;0m▄[0m[38;2;0;0;0;48;2;0;0;0m▄[0m[38;2;0;0;0;48;2;0;0;0m▄[0m[38;2;0;0;0;48;2;0;0;0m▄[0m[38;2;0;0;0;48;2;0;0;0m▄[0m[38;2;0;0;0;48;2;0;0;0m▄[0m[38;2;0;0;0;48;2;0;0;0m▄[0m[38;2;0;0;0;48;2;16;0;0m▄[0m[38;2;0;0;0;48;2;0;0;0m▄[0m[38;2;0;0;0;48;2;0;0;0m▄[0m[0;48;2;0;0;0m           [0m
[0;48;2;0;0;0m          [0m[38;2;0;0;0;48;2;0;0;0m▄[0m[38;2;0;0;0;48;2;0;0;0m▄[0m[38;2;0;0;0;48;2;0;0;0m▄[0m[38;2;0;0;0;48;2;0;0;0m▄[0m[38;2;0;0;0;48;2;0;0;0m▄[0m[38;2;0;0;0;48;2;0;0;0m▄[0m[38;2;0;0;0;48;2;0;0;0m▄[0m[38;2;0;0;0;48;2;0;0;0m▄[0m[38;2;0;0;0;48;2;0;0;0m▄[0m[38;2;0;0;0;48;2;0;0;0m▄[0m[38;2;0;0;0;48;2;0;0;0m▄[0m[38;2;0;0;0;48;2;0;0;0m▄[0m[38;2;0;0;0;48;2;0;0;0m▄[0m[38;2;0;0;0;48;2;0;0;0m▄[0m[38;2;0;0;0;48;2;0;0;0m▄[0m[38;2;0;0;0;48;2;0;0;0m▄[0m[38;2;0;0;0;48;2;0;0;0m▄[0m[38;2;0;0;0;48;2;0;0;0m▄[0m[38;2;0;0;0;48;2;0;0;0m▄[0m[38;2;0;0;0;48;2;0;0;0m▄[0m[38;2;0;0;0;48;2;0;0;0m▄[0m[38;2;0;0;0;48;2;0;0;0m▄[0m[38;2;0;0;0;48;2;0;0;0m▄[0m[38;2;0;0;0;48;2;0;0;0m▄[0m[38;2;0;0;0;48;2;0;0;0m▄[0m[38;2;0;0;0;48;2;0;0;0m▄[0m[38;2;0;0;0;48;2;0;0;0m▄[0m[38;2;0;0;0;48;2;0;0;0m▄[0m[38;2;0;0;0;48;2;0;0;0m▄[0m[38;2;0;0;0;48;2;0;0;0m▄[0m[38;2;0;0;0;48;2;0;0;0m▄[0m[38;2;0;0;0;48;2;0;0;0m▄[0m[38;2;0;0;0;48;2;0;0;0m▄[0m[38;2;0;0;0;48;2;0;0;0m▄[0m[38;2;0;0;0;48;2;0;0;0m▄[0m[38;2;0;0;0;48;2;0;0;0m▄[0m[38;2;0;0;0;48;2;0;0;0m▄[0m[38;2;0;0;0;48;2;0;0;0m▄[0m[38;2;0;0;0;48;2;0;0;0m▄[0m[38;2;0;0;0;48;2;0;0;0m▄[0m[38;2;0;0;0;48;2;0;0;0m▄[0m[38;2;0;0;0;48;2;0;0;0m▄[0m[38;2;0;0;0;48;2;0;0;0m▄[0m[38;2;0;0;0;48;2;0;0;0m▄[0m[38;2;0;0;0;48;2;0;0;0m▄[0m[38;2;0;0;0;48;2;0;0;0m▄[0m[38;2;0;0;0;48;2;0;0;0m▄[0m[38;2;0;0;0;48;2;0;0;0m▄[0m[38;2;0;0;0;48;2;0;0;0m▄[0m[38;2;0;0;0;48;2;0;0;0m▄[0m[38;2;0;0;0;48;2;0;0;0m▄[0m[38;2;0;0;0;48;2;0;0;0m▄[0m[38;2;0;0;0;48;2;0;0;0m▄[0m[38;2;0;0;0;48;2;0;0;0m▄[0m[38;2;0;0;0;48;2;0;0;0m▄[0m[38;2;0;0;0;48;2;0;0;0m▄[0m[38;2;0;0;0;48;2;0;0;0m▄[0m[38;2;0;0;0;48;2;0;0;0m▄[0m[38;2;0;0;0;48;2;0;0;0m▄[0m[0;48;2;0;0;0m           [0m
[0;48;2;0;0;0m          [0m[38;2;0;0;0;48;2;0;0;0m▄[0m[38;2;0;0;0;48;2;0;0;0m▄[0m[38;2;0;0;0;48;2;0;0;0m▄[0m[38;2;0;0;0;48;2;0;0;0m▄[0m[38;2;0;0;0;48;2;0;0;0m▄[0m[38;2;0;0;0;48;2;0;0;0m▄[0m[38;2;0;0;0;48;2;0;0;0m▄[0m[38;2;0;0;0;48;2;0;0;0m▄[0m[38;2;0;0;0;48;2;0;0;0m▄[0m[38;2;0;0;0;48;2;0;0;0m▄[0m[38;2;0;0;0;48;2;0;0;0m▄[0m[38;2;0;0;0;48;2;0;0;0m▄[0m[38;2;0;0;0;48;2;0;0;0m▄[0m[38;2;0;0;0;48;2;0;0;0m▄[0m[38;2;0;0;0;48;2;0;0;0m▄[0m[38;2;0;0;0;48;2;0;0;0m▄[0m[38;2;0;0;0;48;2;0;0;0m▄[0m[38;2;0;0;0;48;2;0;0;0m▄[0m[38;2;0;0;0;48;2;0;0;0m▄[0m[38;2;0;0;0;48;2;0;0;0m▄[0m[38;2;0;0;0;48;2;0;0;0m▄[0m[38;2;0;0;0;48;2;0;0;0m▄[0m[38;2;0;0;0;48;2;0;0;0m▄[0m[38;2;0;0;0;48;2;0;0;0m▄[0m[38;2;0;0;0;48;2;0;0;0m▄[0m[38;2;0;0;0;48;2;0;0;0m▄[0m[38;2;0;0;0;48;2;0;0;0m▄[0m[38;2;0;0;0;48;2;0;0;0m▄[0m[38;2;0;0;0;48;2;0;0;0m▄[0m[38;2;0;0;0;48;2;0;0;0m▄[0m[38;2;0;0;0;48;2;0;0;0m▄[0m[38;2;0;0;0;48;2;0;0;0m▄[0m[38;2;0;0;0;48;2;0;0;0m▄[0m[38;2;0;0;0;48;2;0;0;0m▄[0m[38;2;0;0;0;48;2;0;0;0m▄[0m[38;2;0;0;0;48;2;0;0;0m▄[0m[38;2;0;0;0;48;2;0;0;0m▄[0m[38;2;0;0;0;48;2;0;0;0m▄[0m[38;2;0;0;0;48;2;0;0;0m▄[0m[38;2;0;0;0;48;2;0;0;0m▄[0m[38;2;0;0;0;48;2;0;0;0m▄[0m[38;2;0;0;0;48;2;0;0;0m▄[0m[38;2;0;0;0;48;2;0;0;0m▄[0m[38;2;0;0;0;48;2;0;0;0m▄[0m[38;2;0;0;0;48;2;0;0;0m▄[0m[38;2;0;0;0;48;2;0;0;0m▄[0m[38;2;0;0;0;48;2;0;0;0m▄[0m[38;2;0;0;0;48;2;0;0;0m▄[0m[38;2;0;0;0;48;2;0;0;0m▄[0m[38;2;0;0;0;48;2;0;0;0m▄[0m[38;2;0;0;0;48;2;0;0;0m▄[0m[38;2;0;0;0;48;2;0;0;0m▄[0m[38;2;0;0;0;48;2;0;0;0m▄[0m[38;2;0;0;0;48;2;0;0;0m▄[0m[38;2;0;0;0;48;2;0;0;0m▄[0m[38;2;0;0;0;48;2;0;0;0m▄[0m[38;2;0;0;0;48;2;0;0;0m▄[0m[38;2;0;0;0;48;2;0;0;0m▄[0m[38;2;0;0;0;48;2;0;0;0m▄[0m[0;48;2;0;0;0m           [0m
