[0;40m          [0m[0m[38;2;0;0;0;48;2;0;0;0m▄[0m[38;2;0;0;0;48;2;0;0;0m▄[0m[38;2;0;0;0;48;2;0;0;0m▄[0m[38;2;0;0;0;48;2;0;0;0m▄[0m[38;2;0;0;0;48;2;0;0;0m▄[0m[38;2;0;0;0;48;2;0;0;0m▄[0m[38;2;0;0;0;48;2;0;0;0m▄[0m[38;2;0;0;0;48;2;0;0;0m▄[0m[38;2;0;0;0;48;2;0;0;0m▄[0m[38;2;0;0;0;48;2;0;0;0m▄[0m[38;2;0;0;0;48;2;0;0;0m▄[0m[38;2;0;0;0;48;2;0;0;0m▄[0m[38;2;0;0;0;48;2;0;0;0m▄[0m[38;2;0;0;0;48;2;0;0;0m▄[0m[38;2;0;0;0;48;2;0;0;0m▄[0m[38;2;0;0;0;48;2;0;0;0m▄[0m[38;2;0;0;0;48;2;0;0;0m▄[0m[38;2;0;0;0;48;2;0;0;0m▄[0m[38;2;0;0;0;48;2;0;0;0m▄[0m[38;2;0;0;0;48;2;0;0;0m▄[0m[38;2;0;0;0;48;2;0;0;0m▄[0m[38;2;0;0;0;48;2;0;0;0m▄[0m[38;2;0;0;0;48;2;0;0;0m▄[0m[38;2;0;0;0;48;2;0;0;0m▄[0m[38;2;0;0;0;48;2;0;0;0m▄[0m[38;2;0;0;0;48;2;0;0;0m▄[0m[38;2;0;0;0;48;2;0;0;0m▄[0m[38;2;0;0;0;48;2;0;0;0m▄[0m[38;2;0;0;0;48;2;0;0;0m▄[0m[38;2;0;0;0;48;2;0;0;0m▄[0m[38;2;0;0;0;48;2;0;0;0m▄[0m[38;2;0;0;0;48;2;0;0;0m▄[0m[38;2;0;0;0;48;2;0;0;0m▄[0m[38;2;0;0;0;48;2;0;0;0m▄[0m[38;2;0;0;0;48;2;0;0;0m▄[0m[38;2;0;0;0;48;2;0;0;0m▄[0m[38;2;0;0;0;48;2;0;0;0m▄[0m[38;2;0;0;0;48;2;0;0;0m▄[0m[38;2;0;0;0;48;2;0;0;0m▄[0m[38;2;0;0;0;48;2;0;0;0m▄[0m[38;2;0;0;0;48;2;0;0;0m▄[0m[38;2;0;0;0;48;2;0;0;0m▄[0m[38;2;0;0;0;48;2;0;0;0m▄[0m[38;2;0;0;0;48;2;0;0;0m▄[0m[38;2;0;0;0;48;2;0;0;0m▄[0m[38;2;0;0;0;48;2;0;0;0m▄[0m[38;2;0;0;0;48;2;0;0;0m▄[0m[38;2;0;0;0;48;2;0;0;0m▄[0m[38;2;0;0;0;48;2;0;0;0m▄[0m[38;2;0;0;0;48;2;0;0;0m▄[0m[38;2;0;0;0;48;2;0;0;0m▄[0m[38;2;0;0;0;48;2;0;0;0m▄[0m[38;2;0;0;0;48;2;0;0;0m▄[0m[38;2;0;0;0;48;2;0;0;0m▄[0m[38;2;0;0;0;48;2;0;0;0m▄[0m[38;2;0;0;0;48;2;0;0;0m▄[0m[38;2;0;0;0;48;2;0;0;0m▄[0m[38;2;0;0;0;48;2;0;0;0m▄[0m[38;2;0;0;0;48;2;0;0;0m▄[0m[0;40m           [0m
[0;40m          [0m[38;2;0;0;0;48;2;0;0;0m▄[0m[38;2;0;0;0;48;2;0;0;0m▄[0m[38;2;0;0;0;48;2;0;0;0m▄[0m[38;2;0;0;0;48;2;0;0;0m▄[0m[38;2;0;0;0;48;2;0;0;0m▄[0m[38;2;0;0;0;48;2;0;0;0m▄[0m[38;2;0;0;0;48;2;0;0;0m▄[0m[38;2;0;0;0;48;2;0;0;0m▄[0m[38;2;0;0;0;48;2;0;0;0m▄[0m[38;2;0;0;0;48;2;0;0;0m▄[0m[38;2;0;0;0;48;2;0;0;0m▄[0m[38;2;0;0;0;48;2;0;0;0m▄[0m[38;2;0;0;0;48;2;0;0;0m▄[0m[38;2;0;0;0;48;2;0;0;0m▄[0m[38;2;0;0;0;48;2;0;0;0m▄[0m[38;2;0;0;0;48;2;0;0;0m▄[0m[38;2;0;0;0;48;2;0;0;0m▄[0m[38;2;0;0;0;48;2;0;0;0m▄[0m[38;2;0;0;0;48;2;0;0;0m▄[0m[38;2;0;0;0;48;2;0;0;0m▄[0m[38;2;0;0;0;48;2;0;0;0m▄[0m[38;2;0;0;0;48;2;0;0;0m▄[0m[38;2;0;0;0;48;2;0;0;0m▄[0m[38;2;0;0;0;48;2;0;0;0m▄[0m[38;2;0;0;0;48;2;0;0;0m▄[0m[38;2;0;0;0;48;2;0;0;0m▄[0m[38;2;0;0;0;48;2;0;0;0m▄[0m[38;2;0;0;0;48;2;0;0;0m▄[0m[38;2;0;0;0;48;2;0;0;0m▄[0m[38;2;0;0;0;48;2;0;0;0m▄[0m[38;2;0;0;0;48;2;0;0;0m▄[0m[38;2;0;0;0;48;2;0;0;0m▄[0m[38;2;0;0;0;48;2;0;0;0m▄[0m[38;2;0;0;0;48;2;0;0;0m▄[0m[38;2;0;0;0;48;2;0;0;0m▄[0m[38;2;0;0;0;48;2;0;0;0m▄[0m[38;2;0;0;0;48;2;0;0;0m▄[0m[38;2;0;0;0;48;2;0;0;0m▄[0m[38;2;0;0;0;48;2;0;0;0m▄[0m[38;2;0;0;0;48;2;0;0;0m▄[0m[38;2;0;0;0;48;2;0;0;0m▄[0m[38;2;0;0;0;48;2;0;0;0m▄[0m[38;2;0;0;0;48;2;0;0;0m▄[0m[38;2;0;0;0;48;2;0;0;0m▄[0m[38;2;0;0;0;48;2;0;0;0m▄[0m[38;2;0;0;0;48;2;0;0;0m▄[0m[38;2;0;0;0;48;2;0;0;0m▄[0m[38;2;0;0;0;48;2;0;0;0m▄[0m[38;2;0;0;0;48;2;0;0;0m▄[0m[38;2;0;0;0;48;2;0;0;0m▄[0m[38;2;0;0;0;48;2;0;0;0m▄[0m[38;2;0;0;0;48;2;0;0;0m▄[0m[38;2;0;0;0;48;2;0;0;0m▄[0m[38;2;0;0;0;48;2;0;0;0m▄[0m[38;2;0;0;0;48;2;0;0;0m▄[0m[38;2;0;0;0;48;2;0;0;0m▄[0m[38;2;0;0;0;48;2;0;0;0m▄[0m[38;2;0;0;0;48;2;0;0;0m▄[0m[38;2;0;0;0;48;2;0;0;0m▄[0m[0;40m           [0m
[0;40m          [0m[38;2;0;0;0;48;2;0;0;0m▄[0m[38;2;0;0;0;48;2;0;0;0m▄[0m[38;2;0;0;0;48;2;0;0;0m▄[0m[38;2;0;0;0;48;2;0;0;0m▄[0m[38;2;0;0;0;48;2;0;0;0m▄[0m[38;2;0;0;0;48;2;0;0;0m▄[0m[38;2;0;0;0;48;2;0;0;0m▄[0m[38;2;0;0;0;48;2;0;0;0m▄[0m[38;2;0;0;0;48;2;0;0;0m▄[0m[38;2;0;0;0;48;2;0;0;0m▄[0m[38;2;0;0;0;48;2;0;0;0m▄[0m[38;2;0;0;0;48;2;0;0;0m▄[0m[38;2;0;0;0;48;2;0;0;0m▄[0m[38;2;0;0;0;48;2;0;0;0m▄[0m[38;2;0;0;0;48;2;0;0;0m▄[0m[38;2;0;0;0;48;2;0;0;0m▄[0m[38;2;0;0;0;48;2;0;0;0m▄[0m[38;2;0;0;0;48;2;0;0;0m▄[0m[38;2;0;0;0;48;2;0;0;0m▄[0m[38;2;0;0;0;48;2;0;0;0m▄[0m[38;2;0;0;0;48;2;0;0;0m▄[0m[38;2;0;0;0;48;2;0;0;0m▄[0m[38;2;0;0;0;48;2;0;0;0m▄[0m[38;2;0;0;0;48;2;0;0;0m▄[0m[38;2;0;0;0;48;2;0;0;0m▄[0m[38;2;0;0;0;48;2;0;0;0m▄[0m[38;2;0;0;0;48;2;0;0;0m▄[0m[38;2;0;0;0;48;2;0;0;0m▄[0m[38;2;0;0;0;48;2;0;0;0m▄[0m[38;2;0;0;0;48;2;0;0;0m▄[0m[38;2;0;0;0;48;2;0;0;0m▄[0m[38;2;0;0;0;48;2;0;0;0m▄[0m[38;2;0;0;0;48;2;0;0;0m▄[0m[38;2;0;0;0;48;2;0;0;0m▄[0m[38;2;0;0;0;48;2;0;0;0m▄[0m[38;2;0;0;0;48;2;0;0;0m▄[0m[38;2;0;0;0;48;2;0;0;0m▄[0m[38;2;0;0;0;48;2;0;0;0m▄[0m[38;2;0;0;0;48;2;0;0;0m▄[0m[38;2;0;0;0;48;2;0;0;0m▄[0m[38;2;0;0;0;48;2;0;0;0m▄[0m[38;2;0;0;0;48;2;0;0;0m▄[0m[38;2;0;0;0;48;2;0;0;0m▄[0m[38;2;0;0;0;48;2;0;0;0m▄[0m[38;2;0;0;0;48;2;0;0;0m▄[0m[38;2;0;0;0;48;2;0;0;0m▄[0m[38;2;0;0;0;48;2;0;0;0m▄[0m[38;2;0;0;0;48;2;0;0;0m▄[0m[38;2;0;0;0;48;2;0;0;0m▄[0m[38;2;0;0;0;48;2;0;0;0m▄[0m[38;2;0;0;0;48;2;0;0;0m▄[0m[38;2;0;0;0;48;2;0;0;0m▄[0m[38;2;0;0;0;48;2;0;0;0m▄[0m[38;2;0;0;0;48;2;0;0;0m▄[0m[38;2;0;0;0;48;2;0;0;0m▄[0m[38;2;0;0;0;48;2;0;0;0m▄[0m[38;2;0;0;0;48;2;0;0;0m▄[0m[38;2;0;0;0;48;2;0;0;0m▄[0m[38;2;0;0;0;48;2;0;0;0m▄[0m[0;40m           [0m
[0;40m          [0m[38;2;0;0;0;48;2;0;0;0m▄[0m[38;2;0;0;0;48;2;0;0;0m▄[0m[38;2;0;0;0;48;2;0;0;0m▄[0m[38;2;0;0;0;48;2;0;0;0m▄[0m[38;2;0;0;0;48;2;0;0;0m▄[0m[38;2;0;0;0;48;2;0;0;0m▄[0m[38;2;0;0;0;48;2;0;0;0m▄[0m[38;2;0;0;0;48;2;0;0;0m▄[0m[38;2;0;0;0;48;2;0;0;0m▄[0m[38;2;0;0;0;48;2;0;0;0m▄[0m[38;2;0;0;0;48;2;0;0;0m▄[0m[38;2;0;0;0;48;2;0;0;0m▄[0m[38;2;0;0;0;48;2;0;0;0m▄[0m[38;2;0;0;0;48;2;0;0;0m▄[0m[38;2;0;0;0;48;2;0;0;0m▄[0m[38;2;0;0;0;48;2;0;0;0m▄[0m[38;2;0;0;0;48;2;0;0;0m▄[0m[38;2;0;0;0;48;2;0;0;0m▄[0m[38;2;0;0;0;48;2;0;0;0m▄[0m[38;2;47;1;1;48;2;0;0;0m▄[0m[38;2;127;17;18;48;2;4;0;0m▄[0m[38;2;203;35;37;48;2;16;0;0m▄[0m[38;2;202;32;34;48;2;20;0;0m▄[0m[38;2;205;21;23;48;2;22;0;0m▄[0m[38;2;185;8;10;48;2;10;0;0m▄[0m[38;2;115;2;3;48;2;0;0;0m▄[0m[38;2;53;1;1;48;2;0;0;0m▄[0m[38;2;1;0;0;48;2;0;0;0m▄[0m[38;2;0;0;0;48;2;0;0;0m▄[0m[38;2;0;0;0;48;2;0;0;0m▄[0m[38;2;0;0;0;48;2;0;0;0m▄[0m[38;2;0;0;0;48;2;0;0;0m▄[0m[38;2;23;0;1;48;2;0;0;0m▄[0m[38;2;87;1;2;48;2;0;0;0m▄[0m[38;2;165;11;12;48;2;11;0;0m▄[0m[38;2;202;22;25;48;2;19;0;0m▄[0m[38;2;203;12;14;48;2;21;0;0m▄[0m[38;2;207;8;9;48;2;21;0;0m▄[0m[38;2;123;2;3;48;2;3;0;0m▄[0m[38;2;60;1;2;48;2;0;0;0m▄[0m[38;2;1;0;0;48;2;0;0;0m▄[0m[38;2;0;0;0;48;2;0;0;0m▄[0m[38;2;0;0;0;48;2;0;0;0m▄[0m[38;2;0;0;0;48;2;0;0;0m▄[0m[38;2;0;0;0;48;2;0;0;0m▄[0m[38;2;0;0;0;48;2;0;0;0m▄[0m[38;2;0;0;0;48;2;0;0;0m▄[0m[38;2;0;0;0;48;2;0;0;0m▄[0m[38;2;0;0;0;48;2;0;0;0m▄[0m[38;2;0;0;0;48;2;0;0;0m▄[0m[38;2;0;0;0;48;2;0;0;0m▄[0m[38;2;0;0;0;48;2;0;0;0m▄[0m[38;2;0;0;0;48;2;0;0;0m▄[0m[38;2;0;0;0;48;2;0;0;0m▄[0m[38;2;0;0;0;48;2;0;0;0m▄[0m[38;2;0;0;0;48;2;0;0;0m▄[0m[38;2;0;0;0;48;2;0;0;0m▄[0m[38;2;0;0;0;48;2;0;0;0m▄[0m[38;2;0;0;0;48;2;0;0;0m▄[0m[0;40m           [0m
[0;40m          [0m[38;2;0;0;0;48;2;0;0;0m▄[0m[38;2;0;0;0;48;2;0;0;0m▄[0m[38;2;0;0;0;48;2;0;0;0m▄[0m[38;2;0;0;0;48;2;0;0;0m▄[0m[38;2;0;0;0;48;2;0;0;0m▄[0m[38;2;0;0;0;48;2;0;0;0m▄[0m[38;2;0;0;0;48;2;0;0;0m▄[0m[38;2;0;0;0;48;2;0;0;0m▄[0m[38;2;0;0;0;48;2;0;0;0m▄[0m[38;2;0;0;0;48;2;0;0;0m▄[0m[38;2;0;0;0;48;2;0;0;0m▄[0m[38;2;0;0;0;48;2;0;0;0m▄[0m[38;2;0;0;0;48;2;0;0;0m▄[0m[38;2;0;0;0;48;2;0;0;0m▄[0m[38;2;0;0;0;48;2;0;0;0m▄[0m[38;2;0;0;0;48;2;0;0;0m▄[0m[38;2;10;0;0;48;2;0;0;0m▄[0m[38;2;141;4;6;48;2;10;0;0m▄[0m[38;2;239;65;67;48;2;121;2;4m▄[0m[38;2;252;205;206;48;2;229;47;49m▄[0m[38;2;252;246;246;48;2;250;144;146m▄[0m[38;2;252;251;251;48;2;252;207;207m▄[0m[38;2;252;221;222;48;2;252;198;199m▄[0m[38;2;251;157;158;48;2;251;157;158m▄[0m[38;2;250;86;90;48;2;250;74;77m▄[0m[38;2;250;60;65;48;2;245;28;31m▄[0m[38;2;248;38;40;48;2;226;9;11m▄[0m[38;2;231;11;12;48;2;118;2;3m▄[0m[38;2;115;1;2;48;2;10;0;0m▄[0m[38;2;10;0;0;48;2;0;0;0m▄[0m[38;2;107;2;3;48;2;5;0;0m▄[0m[38;2;229;11;12;48;2;85;1;2m▄[0m[38;2;247;77;79;48;2;198;5;6m▄[0m[38;2;251;155;157;48;2;237;43;45m▄[0m[38;2;252;236;236;48;2;250;117;120m▄[0m[38;2;252;217;217;48;2;251;161;163m▄[0m[38;2;251;122;124;48;2;251;117;119m▄[0m[38;2;250;73;75;48;2;248;52;54m▄[0m[38;2;248;23;25;48;2;238;14;15m▄[0m[38;2;207;7;8;48;2;207;4;5m▄[0m[38;2;203;4;6;48;2;120;2;3m▄[0m[38;2;136;3;4;48;2;10;0;0m▄[0m[38;2;9;0;0;48;2;0;0;0m▄[0m[38;2;0;0;0;48;2;0;0;0m▄[0m[38;2;0;0;0;48;2;0;0;0m▄[0m[38;2;0;0;0;48;2;0;0;0m▄[0m[38;2;0;0;0;48;2;0;0;0m▄[0m[38;2;0;0;0;48;2;0;0;0m▄[0m[38;2;0;0;0;48;2;0;0;0m▄[0m[38;2;0;0;0;48;2;0;0;0m▄[0m[38;2;0;0;0;48;2;0;0;0m▄[0m[38;2;0;0;0;48;2;0;0;0m▄[0m[38;2;0;0;0;48;2;0;0;0m▄[0m[38;2;0;0;0;48;2;0;0;0m▄[0m[38;2;0;0;0;48;2;0;0;0m▄[0m[38;2;0;0;0;48;2;0;0;0m▄[0m[38;2;0;0;0;48;2;0;0;0m▄[0m[38;2;0;0;0;48;2;0;0;0m▄[0m[38;2;0;0;0;48;2;0;0;0m▄[0m[0;40m           [0m
[0;40m          [0m[38;2;0;0;0;48;2;0;0;0m▄[0m[38;2;0;0;0;48;2;0;0;0m▄[0m[38;2;0;0;0;48;2;0;0;0m▄[0m[38;2;0;0;0;48;2;0;0;0m▄[0m[38;2;0;0;0;48;2;0;0;0m▄[0m[38;2;0;0;0;48;2;0;0;0m▄[0m[38;2;0;0;0;48;2;0;0;0m▄[0m[38;2;0;0;0;48;2;0;0;0m▄[0m[38;2;0;0;0;48;2;0;0;0m▄[0m[38;2;0;0;0;48;2;0;0;0m▄[0m[38;2;0;0;0;48;2;0;0;0m▄[0m[38;2;0;0;0;48;2;0;0;0m▄[0m[38;2;0;0;0;48;2;0;0;0m▄[0m[38;2;0;0;0;48;2;0;0;0m▄[0m[38;2;0;0;0;48;2;0;0;0m▄[0m[38;2;0;0;0;48;2;0;0;0m▄[0m[38;2;128;4;6;48;2;73;1;2m▄[0m[38;2;249;57;59;48;2;230;27;29m▄[0m[38;2;251;154;155;48;2;251;151;152m▄[0m[38;2;252;202;202;48;2;252;250;250m▄[0m[38;2;252;155;156;48;2;252;242;242m▄[0m[38;2;250;85;89;48;2;252;187;188m▄[0m[38;2;249;52;56;48;2;251;115;117m▄[0m[38;2;248;25;27;48;2;250;74;77m▄[0m[38;2;248;24;26;48;2;249;45;47m▄[0m[38;2;248;24;26;48;2;249;42;44m▄[0m[38;2;248;25;27;48;2;248;25;27m▄[0m[38;2;248;23;25;48;2;242;15;16m▄[0m[38;2;245;22;24;48;2;201;3;4m▄[0m[38;2;227;38;40;48;2;89;1;1m▄[0m[38;2;251;88;92;48;2;222;14;16m▄[0m[38;2;251;112;115;48;2;249;95;97m▄[0m[38;2;251;97;101;48;2;252;145;146m▄[0m[38;2;249;58;60;48;2;252;151;152m▄[0m[38;2;249;48;50;48;2;251;168;169m▄[0m[38;2;248;26;28;48;2;251;121;123m▄[0m[38;2;243;16;17;48;2;249;57;59m▄[0m[38;2;231;7;8;48;2;246;27;29m▄[0m[38;2;221;5;6;48;2;242;14;16m▄[0m[38;2;240;11;12;48;2;235;8;9m▄[0m[38;2;245;64;65;48;2;190;2;4m▄[0m[38;2;206;4;5;48;2;211;5;6m▄[0m[38;2;139;2;4;48;2;82;1;2m▄[0m[38;2;0;0;0;48;2;0;0;0m▄[0m[38;2;0;0;0;48;2;0;0;0m▄[0m[38;2;0;0;0;48;2;0;0;0m▄[0m[38;2;0;0;0;48;2;0;0;0m▄[0m[38;2;0;0;0;48;2;0;0;0m▄[0m[38;2;0;0;0;48;2;0;0;0m▄[0m[38;2;0;0;0;48;2;0;0;0m▄[0m[38;2;0;0;0;48;2;0;0;0m▄[0m[38;2;0;0;0;48;2;0;0;0m▄[0m[38;2;0;0;0;48;2;0;0;0m▄[0m[38;2;0;0;0;48;2;0;0;0m▄[0m[38;2;0;0;0;48;2;0;0;0m▄[0m[38;2;0;0;0;48;2;0;0;0m▄[0m[38;2;0;0;0;48;2;0;0;0m▄[0m[38;2;0;0;0;48;2;0;0;0m▄[0m[38;2;0;0;0;48;2;0;0;0m▄[0m[0;40m           [0m
[0;40m          [0m[38;2;0;0;0;48;2;0;0;0m▄[0m[38;2;0;0;0;48;2;0;0;0m▄[0m[38;2;0;0;0;48;2;0;0;0m▄[0m[38;2;0;0;0;48;2;0;0;0m▄[0m[38;2;0;0;0;48;2;0;0;0m▄[0m[38;2;0;0;0;48;2;0;0;0m▄[0m[38;2;0;0;0;48;2;0;0;0m▄[0m[38;2;0;0;0;48;2;0;0;0m▄[0m[38;2;0;0;0;48;2;0;0;0m▄[0m[38;2;0;0;0;48;2;0;0;0m▄[0m[38;2;0;0;0;48;2;0;0;0m▄[0m[38;2;0;0;0;48;2;0;0;0m▄[0m[38;2;0;0;0;48;2;0;0;0m▄[0m[38;2;0;0;0;48;2;0;0;0m▄[0m[38;2;0;0;0;48;2;0;0;0m▄[0m[38;2;0;0;0;48;2;0;0;0m▄[0m[38;2;78;1;3;48;2;126;3;4m▄[0m[38;2;219;7;8;48;2;244;27;29m▄[0m[38;2;245;54;56;48;2;251;151;152m▄[0m[38;2;251;136;137;48;2;252;205;206m▄[0m[38;2;250;94;96;48;2;250;83;86m▄[0m[38;2;248;24;26;48;2;249;47;50m▄[0m[38;2;248;24;26;48;2;248;25;28m▄[0m[38;2;239;10;11;48;2;248;23;25m▄[0m[38;2;238;8;9;48;2;243;16;18m▄[0m[38;2;238;8;9;48;2;244;17;18m▄[0m[38;2;241;12;13;48;2;248;24;26m▄[0m[38;2;247;22;24;48;2;248;24;27m▄[0m[38;2;248;24;26;48;2;248;25;27m▄[0m[38;2;248;24;26;48;2;249;35;38m▄[0m[38;2;248;24;26;48;2;250;80;82m▄[0m[38;2;248;24;26;48;2;250;73;76m▄[0m[38;2;244;17;19;48;2;248;32;34m▄[0m[38;2;241;12;14;48;2;247;22;24m▄[0m[38;2;238;8;9;48;2;246;21;22m▄[0m[38;2;223;5;6;48;2;239;10;11m▄[0m[38;2;199;1;2;48;2;220;5;6m▄[0m[38;2;180;1;3;48;2;201;1;2m▄[0m[38;2;188;1;3;48;2;207;2;3m▄[0m[38;2;227;6;7;48;2;245;83;84m▄[0m[38;2;190;3;5;48;2;243;70;71m▄[0m[38;2;190;3;5;48;2;194;4;7m▄[0m[38;2;71;1;2;48;2;134;2;4m▄[0m[38;2;0;0;0;48;2;0;0;0m▄[0m[38;2;0;0;0;48;2;0;0;0m▄[0m[38;2;0;0;0;48;2;0;0;0m▄[0m[38;2;0;0;0;48;2;0;0;0m▄[0m[38;2;0;0;0;48;2;0;0;0m▄[0m[38;2;0;0;0;48;2;0;0;0m▄[0m[38;2;0;0;0;48;2;0;0;0m▄[0m[38;2;0;0;0;48;2;0;0;0m▄[0m[38;2;0;0;0;48;2;0;0;0m▄[0m[38;2;0;0;0;48;2;0;0;0m▄[0m[38;2;0;0;0;48;2;0;0;0m▄[0m[38;2;0;0;0;48;2;0;0;0m▄[0m[38;2;0;0;0;48;2;0;0;0m▄[0m[38;2;0;0;0;48;2;0;0;0m▄[0m[38;2;0;0;0;48;2;0;0;0m▄[0m[38;2;0;0;0;48;2;0;0;0m▄[0m[0;40m           [0m
[0;40m          [0m[38;2;0;0;0;48;2;0;0;0m▄[0m[38;2;0;0;0;48;2;0;0;0m▄[0m[38;2;0;0;0;48;2;0;0;0m▄[0m[38;2;0;0;0;48;2;0;0;0m▄[0m[38;2;0;0;0;48;2;0;0;0m▄[0m[38;2;0;0;0;48;2;0;0;0m▄[0m[38;2;0;0;0;48;2;0;0;0m▄[0m[38;2;0;0;0;48;2;0;0;0m▄[0m[38;2;0;0;0;48;2;0;0;0m▄[0m[38;2;0;0;0;48;2;0;0;0m▄[0m[38;2;0;0;0;48;2;0;0;0m▄[0m[38;2;0;0;0;48;2;0;0;0m▄[0m[38;2;0;0;0;48;2;0;0;0m▄[0m[38;2;0;0;0;48;2;0;0;0m▄[0m[38;2;0;0;0;48;2;0;0;0m▄[0m[38;2;0;0;0;48;2;0;0;0m▄[0m[38;2;0;0;0;48;2;17;0;0m▄[0m[38;2;60;1;1;48;2;160;3;5m▄[0m[38;2;208;5;6;48;2;218;5;6m▄[0m[38;2;205;3;4;48;2;240;28;30m▄[0m[38;2;226;23;24;48;2;249;54;56m▄[0m[38;2;240;41;43;48;2;246;22;22m▄[0m[38;2;226;6;7;48;2;241;13;14m▄[0m[38;2;202;1;2;48;2;226;6;7m▄[0m[38;2;201;1;2;48;2;221;5;6m▄[0m[38;2;203;1;2;48;2;233;7;8m▄[0m[38;2;220;5;6;48;2;238;8;9m▄[0m[38;2;231;7;8;48;2;238;8;9m▄[0m[38;2;238;8;9;48;2;240;11;12m▄[0m[38;2;238;8;9;48;2;246;22;22m▄[0m[38;2;238;8;9;48;2;246;21;22m▄[0m[38;2;226;6;7;48;2;241;12;13m▄[0m[38;2;211;3;4;48;2;238;8;9m▄[0m[38;2;201;1;2;48;2;231;7;8m▄[0m[38;2;192;1;2;48;2;212;3;4m▄[0m[38;2;170;1;3;48;2;199;1;2m▄[0m[38;2;144;0;4;48;2;175;1;3m▄[0m[38;2;154;0;4;48;2;153;0;4m▄[0m[38;2;167;1;3;48;2;146;0;4m▄[0m[38;2;168;1;4;48;2;161;0;4m▄[0m[38;2;203;4;6;48;2;174;2;5m▄[0m[38;2;57;1;1;48;2;158;3;4m▄[0m[38;2;0;0;0;48;2;18;0;0m▄[0m[38;2;0;0;0;48;2;0;0;0m▄[0m[38;2;0;0;0;48;2;0;0;0m▄[0m[38;2;0;0;0;48;2;0;0;0m▄[0m[38;2;0;0;0;48;2;0;0;0m▄[0m[38;2;0;0;0;48;2;0;0;0m▄[0m[38;2;0;0;0;48;2;0;0;0m▄[0m[38;2;0;0;0;48;2;0;0;0m▄[0m[38;2;0;0;0;48;2;0;0;0m▄[0m[38;2;0;0;0;48;2;0;0;0m▄[0m[38;2;0;0;0;48;2;0;0;0m▄[0m[38;2;0;0;0;48;2;0;0;0m▄[0m[38;2;0;0;0;48;2;0;0;0m▄[0m[38;2;0;0;0;48;2;0;0;0m▄[0m[38;2;0;0;0;48;2;0;0;0m▄[0m[38;2;0;0;0;48;2;0;0;0m▄[0m[38;2;0;0;0;48;2;0;0;0m▄[0m[0;40m           [0m
[0;40m          [0m[38;2;0;0;0;48;2;0;0;0m▄[0m[38;2;0;0;0;48;2;0;0;0m▄[0m[38;2;0;0;0;48;2;0;0;0m▄[0m[38;2;0;0;0;48;2;0;0;0m▄[0m[38;2;0;0;0;48;2;0;0;0m▄[0m[38;2;0;0;0;48;2;0;0;0m▄[0m[38;2;0;0;0;48;2;0;0;0m▄[0m[38;2;0;0;0;48;2;0;0;0m▄[0m[38;2;0;0;0;48;2;0;0;0m▄[0m[38;2;0;0;0;48;2;0;0;0m▄[0m[38;2;0;0;0;48;2;0;0;0m▄[0m[38;2;0;0;0;48;2;0;0;0m▄[0m[38;2;0;0;0;48;2;0;0;0m▄[0m[38;2;0;0;0;48;2;0;0;0m▄[0m[38;2;0;0;0;48;2;0;0;0m▄[0m[38;2;0;0;0;48;2;0;0;0m▄[0m[38;2;0;0;0;48;2;0;0;0m▄[0m[38;2;0;0;0;48;2;5;0;0m▄[0m[38;2;0;0;0;48;2;74;1;2m▄[0m[38;2;21;0;0;48;2;186;5;6m▄[0m[38;2;145;3;4;48;2;189;3;5m▄[0m[38;2;213;6;7;48;2;171;1;4m▄[0m[38;2;171;2;5;48;2;177;1;3m▄[0m[38;2;147;0;4;48;2;160;0;3m▄[0m[38;2;140;0;3;48;2;174;1;3m▄[0m[38;2;140;0;3;48;2;199;1;2m▄[0m[38;2;159;0;3;48;2;200;1;2m▄[0m[38;2;183;1;2;48;2;203;1;2m▄[0m[38;2;201;1;2;48;2;213;3;4m▄[0m[38;2;201;1;2;48;2;223;5;6m▄[0m[38;2;192;1;2;48;2;211;3;4m▄[0m[38;2;162;0;3;48;2;201;1;2m▄[0m[38;2;139;0;3;48;2;197;1;2m▄[0m[38;2;124;0;3;48;2;179;1;3m▄[0m[38;2;156;0;4;48;2;152;0;4m▄[0m[38;2;196;1;2;48;2;144;0;4m▄[0m[38;2;221;8;10;48;2;173;1;3m▄[0m[38;2;214;9;11;48;2;177;1;3m▄[0m[38;2;117;1;2;48;2;168;1;4m▄[0m[38;2;26;0;0;48;2;186;4;5m▄[0m[38;2;0;0;0;48;2;75;1;2m▄[0m[38;2;0;0;0;48;2;6;0;0m▄[0m[38;2;0;0;0;48;2;0;0;0m▄[0m[38;2;0;0;0;48;2;0;0;0m▄[0m[38;2;0;0;0;48;2;0;0;0m▄[0m[38;2;0;0;0;48;2;0;0;0m▄[0m[38;2;0;0;0;48;2;0;0;0m▄[0m[38;2;0;0;0;48;2;0;0;0m▄[0m[38;2;0;0;0;48;2;0;0;0m▄[0m[38;2;0;0;0;48;2;0;0;0m▄[0m[38;2;0;0;0;48;2;0;0;0m▄[0m[38;2;0;0;0;48;2;0;0;0m▄[0m[38;2;0;0;0;48;2;0;0;0m▄[0m[38;2;0;0;0;48;2;0;0;0m▄[0m[38;2;0;0;0;48;2;0;0;0m▄[0m[38;2;0;0;0;48;2;0;0;0m▄[0m[38;2;0;0;0;48;2;0;0;0m▄[0m[38;2;0;0;0;48;2;0;0;0m▄[0m[38;2;0;0;0;48;2;0;0;0m▄[0m[0;40m           [0m
[0;40m          [0m[38;2;0;0;0;48;2;0;0;0m▄[0m[38;2;0;0;0;48;2;0;0;0m▄[0m[38;2;0;0;0;48;2;0;0;0m▄[0m[38;2;0;0;0;48;2;0;0;0m▄[0m[38;2;0;0;0;48;2;0;0;0m▄[0m[38;2;0;0;0;48;2;0;0;0m▄[0m[38;2;0;0;0;48;2;0;0;0m▄[0m[38;2;0;0;0;48;2;0;0;0m▄[0m[38;2;0;0;0;48;2;0;0;0m▄[0m[38;2;0;0;0;48;2;0;0;0m▄[0m[38;2;0;0;0;48;2;0;0;0m▄[0m[38;2;0;0;0;48;2;0;0;0m▄[0m[38;2;0;0;0;48;2;0;0;0m▄[0m[38;2;0;0;0;48;2;0;0;0m▄[0m[38;2;0;0;0;48;2;0;0;0m▄[0m[38;2;0;0;0;48;2;0;0;0m▄[0m[38;2;0;0;0;48;2;0;0;0m▄[0m[38;2;0;0;0;48;2;0;0;0m▄[0m[38;2;0;0;0;48;2;0;0;0m▄[0m[38;2;0;0;0;48;2;0;0;0m▄[0m[38;2;0;0;0;48;2;4;0;0m▄[0m[38;2;0;0;0;48;2;54;0;1m▄[0m[38;2;30;0;1;48;2;199;5;6m▄[0m[38;2;119;2;3;48;2;206;5;6m▄[0m[38;2;208;5;7;48;2;165;1;4m▄[0m[38;2;169;2;5;48;2;127;0;2m▄[0m[38;2;145;0;3;48;2;120;0;3m▄[0m[38;2;118;0;2;48;2;135;0;4m▄[0m[38;2;113;0;2;48;2;146;0;4m▄[0m[38;2;122;0;3;48;2;168;0;3m▄[0m[38;2;114;0;2;48;2;145;0;4m▄[0m[38;2;126;0;3;48;2;123;0;3m▄[0m[38;2;153;1;4;48;2;116;0;2m▄[0m[38;2;205;5;7;48;2;158;0;3m▄[0m[38;2;212;7;9;48;2;210;5;7m▄[0m[38;2;127;2;4;48;2;230;10;11m▄[0m[38;2;18;0;0;48;2;194;7;9m▄[0m[38;2;0;0;0;48;2;61;0;1m▄[0m[38;2;0;0;0;48;2;2;0;0m▄[0m[38;2;0;0;0;48;2;0;0;0m▄[0m[38;2;0;0;0;48;2;0;0;0m▄[0m[38;2;0;0;0;48;2;0;0;0m▄[0m[38;2;0;0;0;48;2;0;0;0m▄[0m[38;2;0;0;0;48;2;0;0;0m▄[0m[38;2;0;0;0;48;2;0;0;0m▄[0m[38;2;0;0;0;48;2;0;0;0m▄[0m[38;2;0;0;0;48;2;0;0;0m▄[0m[38;2;0;0;0;48;2;0;0;0m▄[0m[38;2;0;0;0;48;2;0;0;0m▄[0m[38;2;0;0;0;48;2;0;0;0m▄[0m[38;2;0;0;0;48;2;0;0;0m▄[0m[38;2;0;0;0;48;2;0;0;0m▄[0m[38;2;0;0;0;48;2;0;0;0m▄[0m[38;2;0;0;0;48;2;0;0;0m▄[0m[38;2;0;0;0;48;2;0;0;0m▄[0m[38;2;0;0;0;48;2;0;0;0m▄[0m[38;2;0;0;0;48;2;0;0;0m▄[0m[38;2;0;0;0;48;2;0;0;0m▄[0m[38;2;0;0;0;48;2;0;0;0m▄[0m[0;40m           [0m
[0;40m          [0m[38;2;0;0;0;48;2;0;0;0m▄[0m[38;2;0;0;0;48;2;0;0;0m▄[0m[38;2;0;0;0;48;2;0;0;0m▄[0m[38;2;0;0;0;48;2;0;0;0m▄[0m[38;2;0;0;0;48;2;0;0;0m▄[0m[38;2;0;0;0;48;2;0;0;0m▄[0m[38;2;0;0;0;48;2;0;0;0m▄[0m[38;2;0;0;0;48;2;0;0;0m▄[0m[38;2;0;0;0;48;2;0;0;0m▄[0m[38;2;0;0;0;48;2;0;0;0m▄[0m[38;2;0;0;0;48;2;0;0;0m▄[0m[38;2;0;0;0;48;2;0;0;0m▄[0m[38;2;0;0;0;48;2;0;0;0m▄[0m[38;2;0;0;0;48;2;0;0;0m▄[0m[38;2;0;0;0;48;2;0;0;0m▄[0m[38;2;0;0;0;48;2;0;0;0m▄[0m[38;2;0;0;0;48;2;0;0;0m▄[0m[38;2;0;0;0;48;2;0;0;0m▄[0m[38;2;0;0;0;48;2;0;0;0m▄[0m[38;2;0;0;0;48;2;0;0;0m▄[0m[38;2;0;0;0;48;2;0;0;0m▄[0m[38;2;0;0;0;48;2;0;0;0m▄[0m[38;2;0;0;0;48;2;0;0;0m▄[0m[38;2;0;0;0;48;2;0;0;0m▄[0m[38;2;0;0;0;48;2;40;0;1m▄[0m[38;2;6;0;0;48;2;173;3;5m▄[0m[38;2;75;0;1;48;2;210;5;7m▄[0m[38;2;186;3;4;48;2;153;1;3m▄[0m[38;2;172;2;4;48;2;131;0;3m▄[0m[38;2;122;0;3;48;2;112;0;2m▄[0m[38;2;168;2;5;48;2;122;0;3m▄[0m[38;2;185;4;5;48;2;160;1;4m▄[0m[38;2;57;0;1;48;2;219;5;7m▄[0m[38;2;0;0;0;48;2;163;3;4m▄[0m[38;2;0;0;0;48;2;27;0;1m▄[0m[38;2;0;0;0;48;2;0;0;0m▄[0m[38;2;0;0;0;48;2;0;0;0m▄[0m[38;2;0;0;0;48;2;0;0;0m▄[0m[38;2;0;0;0;48;2;0;0;0m▄[0m[38;2;0;0;0;48;2;0;0;0m▄[0m[38;2;0;0;0;48;2;0;0;0m▄[0m[38;2;0;0;0;48;2;0;0;0m▄[0m[38;2;0;0;0;48;2;0;0;0m▄[0m[38;2;0;0;0;48;2;0;0;0m▄[0m[38;2;0;0;0;48;2;0;0;0m▄[0m[38;2;0;0;0;48;2;0;0;0m▄[0m[38;2;0;0;0;48;2;0;0;0m▄[0m[38;2;0;0;0;48;2;0;0;0m▄[0m[38;2;0;0;0;48;2;0;0;0m▄[0m[38;2;0;0;0;48;2;0;0;0m▄[0m[38;2;0;0;0;48;2;0;0;0m▄[0m[38;2;0;0;0;48;2;0;0;0m▄[0m[38;2;0;0;0;48;2;0;0;0m▄[0m[38;2;0;0;0;48;2;0;0;0m▄[0m[38;2;0;0;0;48;2;0;0;0m▄[0m[38;2;0;0;0;48;2;0;0;0m▄[0m[38;2;0;0;0;48;2;0;0;0m▄[0m[38;2;0;0;0;48;2;0;0;0m▄[0m[38;2;0;0;0;48;2;0;0;0m▄[0m[0;40m           [0m
[0;40m          [0m[38;2;0;0;0;48;2;0;0;0m▄[0m[38;2;0;0;0;48;2;0;0;0m▄[0m[38;2;0;0;0;48;2;0;0;0m▄[0m[38;2;0;0;0;48;2;0;0;0m▄[0m[38;2;0;0;0;48;2;0;0;0m▄[0m[38;2;0;0;0;48;2;0;0;0m▄[0m[38;2;0;0;0;48;2;0;0;0m▄[0m[38;2;0;0;0;48;2;0;0;0m▄[0m[38;2;0;0;0;48;2;0;0;0m▄[0m[38;2;0;0;0;48;2;0;0;0m▄[0m[38;2;0;0;0;48;2;0;0;0m▄[0m[38;2;0;0;0;48;2;0;0;0m▄[0m[38;2;0;0;0;48;2;0;0;0m▄[0m[38;2;0;0;0;48;2;0;0;0m▄[0m[38;2;0;0;0;48;2;0;0;0m▄[0m[38;2;0;0;0;48;2;0;0;0m▄[0m[38;2;0;0;0;48;2;0;0;0m▄[0m[38;2;0;0;0;48;2;0;0;0m▄[0m[38;2;0;0;0;48;2;0;0;0m▄[0m[38;2;0;0;0;48;2;0;0;0m▄[0m[38;2;0;0;0;48;2;0;0;0m▄[0m[38;2;0;0;0;48;2;0;0;0m▄[0m[38;2;0;0;0;48;2;0;0;0m▄[0m[38;2;0;0;0;48;2;0;0;0m▄[0m[38;2;0;0;0;48;2;0;0;0m▄[0m[38;2;0;0;0;48;2;0;0;0m▄[0m[38;2;0;0;0;48;2;0;0;0m▄[0m[38;2;0;0;0;48;2;15;0;0m▄[0m[38;2;0;0;0;48;2;116;2;3m▄[0m[38;2;39;0;1;48;2;192;4;5m▄[0m[38;2;0;0;0;48;2;118;2;3m▄[0m[38;2;0;0;0;48;2;16;0;0m▄[0m[38;2;0;0;0;48;2;0;0;0m▄[0m[38;2;0;0;0;48;2;0;0;0m▄[0m[38;2;0;0;0;48;2;0;0;0m▄[0m[38;2;0;0;0;48;2;0;0;0m▄[0m[38;2;0;0;0;48;2;0;0;0m▄[0m[38;2;0;0;0;48;2;0;0;0m▄[0m[38;2;0;0;0;48;2;0;0;0m▄[0m[38;2;0;0;0;48;2;0;0;0m▄[0m[38;2;0;0;0;48;2;0;0;0m▄[0m[38;2;0;0;0;48;2;0;0;0m▄[0m[38;2;0;0;0;48;2;0;0;0m▄[0m[38;2;0;0;0;48;2;0;0;0m▄[0m[38;2;0;0;0;48;2;0;0;0m▄[0m[38;2;0;0;0;48;2;0;0;0m▄[0m[38;2;0;0;0;48;2;0;0;0m▄[0m[38;2;0;0;0;48;2;0;0;0m▄[0m[38;2;0;0;0;48;2;0;0;0m▄[0m[38;2;0;0;0;48;2;0;0;0m▄[0m[38;2;0;0;0;48;2;0;0;0m▄[0m[38;2;0;0;0;48;2;0;0;0m▄[0m[38;2;0;0;0;48;2;0;0;0m▄[0m[38;2;0;0;0;48;2;0;0;0m▄[0m[38;2;0;0;0;48;2;0;0;0m▄[0m[38;2;0;0;0;48;2;0;0;0m▄[0m[38;2;0;0;0;48;2;0;0;0m▄[0m[38;2;0;0;0;48;2;0;0;0m▄[0m[38;2;0;0;0;48;2;0;0;0m▄[0m[0;40m           [0m
[0;40m          [0m[38;2;0;0;0;48;2;0;0;0m▄[0m[38;2;0;0;0;48;2;0;0;0m▄[0m[38;2;2;0;0;48;2;2;0;0m▄[0m[38;2;65;35;2;48;2;156;93;5m▄[0m[38;2;250;144;5;48;2;172;78;2m▄[0m[38;2;220;130;5;48;2;130;68;2m▄[0m[38;2;19;6;0;48;2;61;43;9m▄[0m[38;2;0;0;0;48;2;0;0;0m▄[0m[38;2;0;0;0;48;2;0;0;0m▄[0m[38;2;0;0;0;48;2;0;0;0m▄[0m[38;2;0;0;0;48;2;0;0;0m▄[0m[38;2;0;0;0;48;2;0;0;0m▄[0m[38;2;0;0;0;48;2;0;0;0m▄[0m[38;2;0;0;0;48;2;0;0;0m▄[0m[38;2;0;0;0;48;2;0;0;0m▄[0m[38;2;0;0;0;48;2;0;0;0m▄[0m[38;2;0;0;0;48;2;0;0;0m▄[0m[38;2;0;0;0;48;2;0;0;0m▄[0m[38;2;0;0;0;48;2;0;0;0m▄[0m[38;2;0;0;0;48;2;0;0;0m▄[0m[38;2;0;0;0;48;2;0;0;0m▄[0m[38;2;0;0;0;48;2;0;0;0m▄[0m[38;2;0;0;0;48;2;0;0;0m▄[0m[38;2;0;0;0;48;2;0;0;0m▄[0m[38;2;0;0;0;48;2;0;0;0m▄[0m[38;2;0;0;0;48;2;0;0;0m▄[0m[38;2;0;0;0;48;2;0;0;0m▄[0m[38;2;0;0;0;48;2;0;0;0m▄[0m[38;2;0;0;0;48;2;0;0;0m▄[0m[38;2;0;0;0;48;2;0;0;0m▄[0m[38;2;39;28;1;48;2;0;0;0m▄[0m[38;2;59;36;1;48;2;0;0;0m▄[0m[38;2;57;38;2;48;2;0;0;0m▄[0m[38;2;5;2;0;48;2;0;0;0m▄[0m[38;2;0;0;0;48;2;0;0;0m▄[0m[38;2;0;0;0;48;2;0;0;0m▄[0m[38;2;0;0;0;48;2;0;0;0m▄[0m[38;2;0;0;0;48;2;0;0;0m▄[0m[38;2;0;0;0;48;2;0;0;0m▄[0m[38;2;0;0;0;48;2;0;0;0m▄[0m[38;2;24;21;9;48;2;0;0;0m▄[0m[38;2;231;156;42;48;2;2;0;0m▄[0m[38;2;230;146;32;48;2;0;0;0m▄[0m[38;2;229;145;27;48;2;0;0;0m▄[0m[38;2;230;146;28;48;2;0;0;0m▄[0m[38;2;190;125;28;48;2;0;0;0m▄[0m[38;2;0;0;0;48;2;0;0;0m▄[0m[38;2;0;0;0;48;2;0;0;0m▄[0m[38;2;0;0;0;48;2;0;0;0m▄[0m[38;2;0;0;0;48;2;0;0;0m▄[0m[38;2;0;0;0;48;2;0;0;0m▄[0m[38;2;0;0;0;48;2;0;0;0m▄[0m[38;2;62;34;1;48;2;0;0;0m▄[0m[38;2;114;56;2;48;2;0;0;0m▄[0m[38;2;158;98;18;48;2;0;0;0m▄[0m[38;2;164;116;37;48;2;0;0;0m▄[0m[38;2;86;61;22;48;2;0;0;0m▄[0m[38;2;0;0;0;48;2;0;0;0m▄[0m[38;2;0;0;0;48;2;0;0;0m▄[0m[0;40m           [0m
[38;2;0;0;0;48;2;0;0;0m▀[38;2;0;0;0;48;2;0;0;0m▀[38;2;0;0;0;48;2;0;0;0m▀[38;2;0;0;0;48;2;0;0;0m▀[38;2;0;0;0;48;2;0;0;0m▀[38;2;0;0;0;48;2;0;0;0m▀[38;2;0;0;0;48;2;0;0;0m▀[38;2;0;0;0;48;2;0;0;0m▀[38;2;0;0;0;48;2;0;0;0m▀[38;2;0;0;0;48;2;0;0;0m▀[38;2;0;0;0;48;2;0;0;0m▀[38;2;0;0;0;48;2;0;0;0m▀[38;2;0;0;0;48;2;0;0;0m▀[38;2;0;0;0;48;2;0;0;0m▀[38;2;255;232;2;48;2;255;255;32m▀[38;2;223;150;0;48;2;207;169;25m▀[38;2;0;0;0;48;2;69;41;0m▀[38;2;0;0;0;48;2;255;226;6m▀[38;2;0;0;0;48;2;255;232;10m▀[38;2;0;0;0;48;2;0;0;0m▀[38;2;206;98;0;48;2;255;255;16m▀[38;2;78;37;0;48;2;78;50;0m▀[38;2;0;0;0;48;2;87;61;0m▀[38;2;113;59;1;48;2;93;52;0m▀[38;2;185;90;2;48;2;222;173;6m▀[38;2;255;173;3;48;2;144;99;1m▀[38;2;255;218;14;48;2;0;0;0m▀[38;2;0;0;0;48;2;0;0;0m▀[38;2;0;0;0;48;2;225;136;3m▀[38;2;0;0;0;48;2;255;177;3m▀[38;2;0;0;0;48;2;0;0;0m▀[38;2;0;0;0;48;2;255;171;0m▀[38;2;0;0;0;48;2;208;130;0m▀[38;2;0;0;0;48;2;255;232;4m▀[38;2;0;0;0;48;2;178;108;0m▀[38;2;0;0;0;48;2;255;174;0m▀[38;2;0;0;0;48;2;214;123;0m▀[38;2;0;0;0;48;2;255;177;1m▀[38;2;0;0;0;48;2;222;142;1m▀[38;2;0;0;0;48;2;0;0;0m▀[38;2;0;0;0;48;2;0;0;0m▀[38;2;255;208;5;48;2;255;255;16m▀[38;2;115;51;0;48;2;0;0;0m▀[38;2;0;0;0;48;2;178;119;0m▀[38;2;0;0;0;48;2;255;189;0m▀[38;2;0;0;0;48;2;255;249;5m▀[38;2;0;0;0;48;2;0;0;0m▀[38;2;0;0;0;48;2;255;238;3m▀[38;2;0;0;0;48;2;212;129;0m▀[38;2;0;0;0;48;2;255;165;6m▀[38;2;0;0;0;48;2;0;0;0m▀[38;2;210;146;15;48;2;0;0;0m▀[38;2;206;129;1;48;2;87;76;10m▀[38;2;255;203;3;48;2;255;255;18m▀[38;2;104;78;2;48;2;0;0;0m▀[38;2;130;83;3;48;2;203;133;0m▀[38;2;0;0;0;48;2;250;151;0m▀[38;2;0;0;0;48;2;178;103;0m▀[38;2;0;0;0;48;2;255;235;0m▀[38;2;0;0;0;48;2;0;0;0m▀[38;2;147;82;1;48;2;255;234;9m▀[38;2;194;101;0;48;2;250;178;0m▀[38;2;0;0;0;48;2;0;0;0m▀[38;2;255;200;0;48;2;255;255;17m▀[38;2;170;110;2;48;2;0;0;0m▀[38;2;157;88;2;48;2;0;0;0m▀[38;2;186;130;7;48;2;0;0;0m▀[38;2;0;0;0;48;2;0;0;0m▀[38;2;0;0;0;48;2;0;0;0m▀[38;2;0;0;0;48;2;0;0;0m▀[38;2;0;0;0;48;2;0;0;0m▀[38;2;0;0;0;48;2;0;0;0m▀[38;2;0;0;0;48;2;0;0;0m▀[38;2;0;0;0;48;2;0;0;0m▀[38;2;0;0;0;48;2;0;0;0m▀[38;2;0;0;0;48;2;0;0;0m▀[38;2;0;0;0;48;2;0;0;0m▀[38;2;0;0;0;48;2;0;0;0m▀[38;2;0;0;0;48;2;0;0;0m▀[38;2;0;0;0;48;2;0;0;0m▀[0m
[38;2;0;0;0;48;2;0;0;0m▀[38;2;0;0;0;48;2;0;0;0m▀[38;2;0;0;0;48;2;0;0;0m▀[38;2;0;0;0;48;2;0;0;0m▀[38;2;0;0;0;48;2;0;0;0m▀[38;2;0;0;0;48;2;0;0;0m▀[38;2;0;0;0;48;2;0;0;0m▀[38;2;0;0;0;48;2;0;0;0m▀[38;2;0;0;0;48;2;0;0;0m▀[38;2;0;0;0;48;2;0;0;0m▀[38;2;0;0;0;48;2;0;0;0m▀[38;2;0;0;0;48;2;0;0;0m▀[38;2;0;0;0;48;2;0;0;0m▀[38;2;0;0;0;48;2;0;0;0m▀[38;2;255;255;96;48;2;255;255;113m▀[38;2;183;171;66;48;2;177;164;63m▀[38;2;207;183;48;48;2;208;209;81m▀[38;2;89;78;23;48;2;98;99;44m▀[38;2;115;109;37;48;2;116;111;46m▀[38;2;149;139;43;48;2;184;159;60m▀[38;2;253;222;70;48;2;143;143;56m▀[38;2;119;95;22;48;2;195;180;74m▀[38;2;169;147;42;48;2;249;225;79m▀[38;2;0;0;0;48;2;0;0;0m▀[38;2;236;220;79;48;2;251;225;81m▀[38;2;184;163;50;48;2;255;250;80m▀[38;2;0;0;0;48;2;176;132;46m▀[38;2;0;0;0;48;2;0;0;0m▀[38;2;73;57;5;48;2;0;0;0m▀[38;2;255;255;25;48;2;255;255;108m▀[38;2;0;0;0;48;2;193;171;63m▀[38;2;128;105;31;48;2;0;0;0m▀[38;2;255;255;97;48;2;255;255;125m▀[38;2;0;0;0;48;2;0;0;0m▀[38;2;255;255;73;48;2;255;255;108m▀[38;2;145;145;50;48;2;142;149;55m▀[38;2;123;107;35;48;2;138;118;43m▀[38;2;191;171;39;48;2;197;199;83m▀[38;2;127;113;23;48;2;138;123;45m▀[38;2;0;0;0;48;2;0;0;0m▀[38;2;0;0;0;48;2;0;0;0m▀[38;2;255;255;84;48;2;255;255;122m▀[38;2;0;0;0;48;2;0;0;0m▀[38;2;255;255;70;48;2;255;255;105m▀[38;2;0;0;0;48;2;0;0;0m▀[38;2;245;225;67;48;2;240;220;81m▀[38;2;116;99;29;48;2;112;99;53m▀[38;2;255;255;78;48;2;255;255;104m▀[38;2;0;0;0;48;2;0;0;0m▀[38;2;0;0;0;48;2;255;255;99m▀[38;2;0;0;0;48;2;0;0;0m▀[38;2;0;0;0;48;2;0;0;0m▀[38;2;106;104;44;48;2;174;132;47m▀[38;2;255;255;92;48;2;255;255;113m▀[38;2;0;0;0;48;2;0;0;0m▀[38;2;130;120;27;48;2;131;127;52m▀[38;2;191;173;53;48;2;198;184;69m▀[38;2;86;87;28;48;2;100;117;59m▀[38;2;255;255;84;48;2;255;245;82m▀[38;2;0;0;0;48;2;229;220;81m▀[38;2;255;255;76;48;2;255;245;87m▀[38;2;249;210;65;48;2;255;233;87m▀[38;2;0;0;0;48;2;0;0;0m▀[38;2;255;255;90;48;2;255;255;112m▀[38;2;0;0;0;48;2;251;242;86m▀[38;2;0;0;0;48;2;255;255;104m▀[38;2;0;0;0;48;2;0;0;0m▀[38;2;0;0;0;48;2;0;0;0m▀[38;2;0;0;0;48;2;0;0;0m▀[38;2;0;0;0;48;2;0;0;0m▀[38;2;0;0;0;48;2;0;0;0m▀[38;2;0;0;0;48;2;0;0;0m▀[38;2;0;0;0;48;2;0;0;0m▀[38;2;0;0;0;48;2;0;0;0m▀[38;2;0;0;0;48;2;0;0;0m▀[38;2;0;0;0;48;2;0;0;0m▀[38;2;0;0;0;48;2;0;0;0m▀[38;2;0;0;0;48;2;0;0;0m▀[38;2;0;0;0;48;2;0;0;0m▀[38;2;0;0;0;48;2;0;0;0m▀[0m
[38;2;0;0;0;48;2;0;0;0m▀[38;2;0;0;0;48;2;0;0;0m▀[38;2;0;0;0;48;2;0;0;0m▀[38;2;0;0;0;48;2;0;0;0m▀[38;2;0;0;0;48;2;0;0;0m▀[38;2;0;0;0;48;2;0;0;0m▀[38;2;0;0;0;48;2;0;0;0m▀[38;2;0;0;0;48;2;0;0;0m▀[38;2;0;0;0;48;2;0;0;0m▀[38;2;0;0;0;48;2;0;0;0m▀[38;2;0;0;0;48;2;0;0;0m▀[38;2;0;0;0;48;2;0;0;0m▀[38;2;0;0;0;48;2;0;0;0m▀[38;2;0;0;0;48;2;0;0;0m▀[38;2;255;93;0;48;2;255;117;2m▀[38;2;169;28;0;48;2;175;58;1m▀[38;2;204;57;0;48;2;202;92;2m▀[38;2;102;17;0;48;2;92;37;2m▀[38;2;112;13;0;48;2;101;55;2m▀[38;2;210;41;0;48;2;221;99;1m▀[38;2;0;0;0;48;2;0;0;0m▀[38;2;255;237;72;48;2;255;155;0m▀[38;2;248;143;18;48;2;171;55;0m▀[38;2;0;0;0;48;2;0;0;0m▀[38;2;255;73;0;48;2;255;117;3m▀[38;2;172;42;0;48;2;172;65;1m▀[38;2;0;0;0;48;2;0;0;0m▀[38;2;0;0;0;48;2;0;0;0m▀[38;2;0;0;0;48;2;0;0;0m▀[38;2;255;242;69;48;2;162;43;0m▀[38;2;255;255;88;48;2;255;85;0m▀[38;2;0;0;0;48;2;0;0;0m▀[38;2;255;131;0;48;2;255;193;6m▀[38;2;0;0;0;48;2;0;0;0m▀[38;2;255;88;0;48;2;255;150;3m▀[38;2;139;33;0;48;2;144;79;3m▀[38;2;139;19;0;48;2;128;49;1m▀[38;2;196;41;0;48;2;182;86;2m▀[38;2;148;34;0;48;2;146;68;3m▀[38;2;0;0;0;48;2;0;0;0m▀[38;2;0;0;0;48;2;0;0;0m▀[38;2;255;114;0;48;2;255;150;3m▀[38;2;0;0;0;48;2;0;0;0m▀[38;2;255;79;0;48;2;255;142;4m▀[38;2;0;0;0;48;2;0;0;0m▀[38;2;239;59;0;48;2;248;111;3m▀[38;2;118;13;0;48;2;115;72;3m▀[38;2;255;87;0;48;2;255;163;5m▀[38;2;0;0;0;48;2;0;0;0m▀[38;2;255;162;8;48;2;255;159;3m▀[38;2;0;0;0;48;2;0;0;0m▀[38;2;0;0;0;48;2;0;0;0m▀[38;2;105;15;0;48;2;110;47;0m▀[38;2;255;89;0;48;2;255;151;4m▀[38;2;0;0;0;48;2;0;0;0m▀[38;2;126;22;0;48;2;131;55;0m▀[38;2;198;42;0;48;2;200;94;2m▀[38;2;112;2;0;48;2;130;41;0m▀[38;2;147;60;0;48;2;75;22;0m▀[38;2;255;200;35;48;2;255;115;0m▀[38;2;132;23;0;48;2;101;22;0m▀[38;2;255;87;0;48;2;255;100;1m▀[38;2;0;0;0;48;2;0;0;0m▀[38;2;255;118;0;48;2;255;125;0m▀[38;2;118;85;6;48;2;0;0;0m▀[38;2;226;143;21;48;2;0;0;0m▀[38;2;0;0;0;48;2;0;0;0m▀[38;2;0;0;0;48;2;0;0;0m▀[38;2;0;0;0;48;2;0;0;0m▀[38;2;0;0;0;48;2;0;0;0m▀[38;2;0;0;0;48;2;0;0;0m▀[38;2;0;0;0;48;2;0;0;0m▀[38;2;0;0;0;48;2;0;0;0m▀[38;2;0;0;0;48;2;0;0;0m▀[38;2;0;0;0;48;2;0;0;0m▀[38;2;0;0;0;48;2;0;0;0m▀[38;2;0;0;0;48;2;0;0;0m▀[38;2;0;0;0;48;2;0;0;0m▀[38;2;0;0;0;48;2;0;0;0m▀[38;2;0;0;0;48;2;0;0;0m▀[0m
[38;2;0;0;0;48;2;0;0;0m▀[38;2;0;0;0;48;2;0;0;0m▀[38;2;0;0;0;48;2;0;0;0m▀[38;2;0;0;0;48;2;0;0;0m▀[38;2;0;0;0;48;2;0;0;0m▀[38;2;0;0;0;48;2;0;0;0m▀[38;2;0;0;0;48;2;0;0;0m▀[38;2;0;0;0;48;2;0;0;0m▀[38;2;0;0;0;48;2;0;0;0m▀[38;2;0;0;0;48;2;0;0;0m▀[38;2;0;0;0;48;2;0;0;0m▀[38;2;0;0;0;48;2;0;0;0m▀[38;2;0;0;0;48;2;0;0;0m▀[38;2;0;0;0;48;2;0;0;0m▀[38;2;255;155;4;48;2;255;180;4m▀[38;2;199;106;3;48;2;246;129;5m▀[38;2;173;95;2;48;2;0;0;0m▀[38;2;207;104;2;48;2;213;134;13m▀[38;2;242;137;3;48;2;146;94;1m▀[38;2;171;75;1;48;2;73;34;18m▀[38;2;0;0;0;48;2;0;0;0m▀[38;2;255;230;8;48;2;255;246;12m▀[38;2;61;25;1;48;2;0;0;0m▀[38;2;0;0;0;48;2;0;0;0m▀[38;2;255;158;3;48;2;238;148;20m▀[38;2;255;169;13;48;2;84;49;13m▀[38;2;255;236;17;48;2;0;0;0m▀[38;2;0;0;0;48;2;0;0;0m▀[38;2;0;0;0;48;2;0;0;0m▀[38;2;157;99;4;48;2;159;110;2m▀[38;2;255;144;4;48;2;255;192;6m▀[38;2;0;0;0;48;2;0;0;0m▀[38;2;255;185;7;48;2;0;0;0m▀[38;2;255;159;4;48;2;139;105;24m▀[38;2;255;155;5;48;2;0;0;0m▀[38;2;102;63;0;48;2;0;0;0m▀[38;2;255;185;4;48;2;104;74;26m▀[38;2;255;212;6;48;2;74;50;5m▀[38;2;96;48;2;48;2;0;0;0m▀[38;2;0;0;0;48;2;0;0;0m▀[38;2;0;0;0;48;2;0;0;0m▀[38;2;255;198;4;48;2;255;233;5m▀[38;2;0;0;0;48;2;100;104;26m▀[38;2;130;64;0;48;2;0;0;0m▀[38;2;255;191;6;48;2;88;107;44m▀[38;2;255;194;4;48;2;0;0;0m▀[38;2;0;0;0;48;2;0;0;0m▀[38;2;255;198;4;48;2;62;38;1m▀[38;2;139;89;5;48;2;194;133;21m▀[38;2;255;194;4;48;2;255;169;19m▀[38;2;0;0;0;48;2;0;0;0m▀[38;2;0;0;0;48;2;0;0;0m▀[38;2;111;70;2;48;2;111;75;2m▀[38;2;255;180;6;48;2;255;205;5m▀[38;2;0;0;0;48;2;0;0;0m▀[38;2;127;65;1;48;2;184;121;4m▀[38;2;201;106;3;48;2;228;149;2m▀[38;2;145;84;3;48;2;158;110;3m▀[38;2;0;0;0;48;2;0;0;0m▀[38;2;195;102;4;48;2;0;0;0m▀[38;2;125;62;1;48;2;151;95;2m▀[38;2;255;136;3;48;2;255;168;7m▀[38;2;0;0;0;48;2;0;0;0m▀[38;2;255;178;6;48;2;255;195;5m▀[38;2;69;50;2;48;2;69;55;3m▀[38;2;0;0;0;48;2;0;0;0m▀[38;2;0;0;0;48;2;0;0;0m▀[38;2;0;0;0;48;2;0;0;0m▀[38;2;0;0;0;48;2;0;0;0m▀[38;2;0;0;0;48;2;0;0;0m▀[38;2;0;0;0;48;2;0;0;0m▀[38;2;0;0;0;48;2;0;0;0m▀[38;2;0;0;0;48;2;0;0;0m▀[38;2;0;0;0;48;2;0;0;0m▀[38;2;0;0;0;48;2;0;0;0m▀[38;2;0;0;0;48;2;0;0;0m▀[38;2;0;0;0;48;2;0;0;0m▀[38;2;0;0;0;48;2;0;0;0m▀[38;2;0;0;0;48;2;0;0;0m▀[38;2;0;0;0;48;2;0;0;0m▀[0m
[38;2;0;0;0;48;2;0;0;0m▀[38;2;0;0;0;48;2;0;0;0m▀[38;2;0;0;0;48;2;0;0;0m▀[38;2;0;0;0;48;2;0;0;0m▀[38;2;0;0;0;48;2;0;0;0m▀[38;2;0;0;0;48;2;0;0;0m▀[38;2;0;0;0;48;2;0;0;0m▀[38;2;0;0;0;48;2;0;0;0m▀[38;2;0;0;0;48;2;0;0;0m▀[38;2;0;0;0;48;2;0;0;0m▀[38;2;0;0;0;48;2;0;0;0m▀[38;2;0;0;0;48;2;0;0;0m▀[38;2;0;0;0;48;2;0;0;0m▀[38;2;0;0;0;48;2;0;0;0m▀[38;2;255;216;8;48;2;255;254;4m▀[38;2;226;141;2;48;2;255;255;25m▀[38;2;0;0;0;48;2;255;255;60m▀[38;2;108;94;22;48;2;255;160;22m▀[38;2;255;206;37;48;2;158;72;25m▀[38;2;255;188;17;48;2;94;9;9m▀[38;2;0;0;0;48;2;0;0;0m▀[38;2;210;139;7;48;2;0;0;0m▀[38;2;0;0;0;48;2;0;0;0m▀[38;2;0;0;0;48;2;0;0;0m▀[38;2;0;0;0;48;2;0;0;0m▀[38;2;0;0;0;48;2;0;0;0m▀[38;2;0;0;0;48;2;0;0;0m▀[38;2;0;0;0;48;2;0;0;0m▀[38;2;0;0;0;48;2;0;0;0m▀[38;2;229;190;27;48;2;143;87;38m▀[38;2;255;255;35;48;2;0;0;0m▀[38;2;0;0;0;48;2;0;0;0m▀[38;2;0;0;0;48;2;0;0;0m▀[38;2;0;0;0;48;2;0;0;0m▀[38;2;0;0;0;48;2;0;0;0m▀[38;2;0;0;0;48;2;0;0;0m▀[38;2;0;0;0;48;2;0;0;0m▀[38;2;0;0;0;48;2;0;0;0m▀[38;2;0;0;0;48;2;0;0;0m▀[38;2;0;0;0;48;2;0;0;0m▀[38;2;88;68;26;48;2;0;0;0m▀[38;2;255;195;12;48;2;0;0;0m▀[38;2;255;180;15;48;2;0;0;0m▀[38;2;255;192;24;48;2;0;0;0m▀[38;2;255;210;20;48;2;0;0;0m▀[38;2;113;62;6;48;2;0;0;0m▀[38;2;0;0;0;48;2;0;0;0m▀[38;2;0;0;0;48;2;0;0;0m▀[38;2;0;0;0;48;2;0;0;0m▀[38;2;0;0;0;48;2;0;0;0m▀[38;2;0;0;0;48;2;0;0;0m▀[38;2;0;0;0;48;2;0;0;0m▀[38;2;99;85;12;48;2;255;227;84m▀[38;2;255;244;0;48;2;255;255;97m▀[38;2;0;0;0;48;2;191;148;58m▀[38;2;0;0;0;48;2;0;0;0m▀[38;2;115;76;24;48;2;0;0;0m▀[38;2;195;130;27;48;2;0;0;0m▀[38;2;111;58;13;48;2;0;0;0m▀[38;2;0;0;0;48;2;0;0;0m▀[38;2;204;159;11;48;2;129;74;29m▀[38;2;255;206;1;48;2;242;162;41m▀[38;2;0;0;0;48;2;169;148;48m▀[38;2;255;222;2;48;2;255;255;26m▀[38;2;0;0;0;48;2;253;195;20m▀[38;2;0;0;0;48;2;165;143;30m▀[38;2;153;79;36;48;2;227;145;32m▀[38;2;0;0;0;48;2;0;0;0m▀[38;2;0;0;0;48;2;0;0;0m▀[38;2;0;0;0;48;2;0;0;0m▀[38;2;0;0;0;48;2;0;0;0m▀[38;2;0;0;0;48;2;0;0;0m▀[38;2;0;0;0;48;2;0;0;0m▀[38;2;0;0;0;48;2;0;0;0m▀[38;2;0;0;0;48;2;0;0;0m▀[38;2;0;0;0;48;2;0;0;0m▀[38;2;0;0;0;48;2;0;0;0m▀[38;2;0;0;0;48;2;0;0;0m▀[38;2;0;0;0;48;2;0;0;0m▀[38;2;0;0;0;48;2;0;0;0m▀[0m
[38;2;0;0;0;48;2;0;0;0m▀[38;2;0;0;0;48;2;0;0;0m▀[38;2;0;0;0;48;2;0;0;0m▀[38;2;0;0;0;48;2;0;0;0m▀[38;2;0;0;0;48;2;0;0;0m▀[38;2;0;0;0;48;2;0;0;0m▀[38;2;0;0;0;48;2;0;0;0m▀[38;2;0;0;0;48;2;0;0;0m▀[38;2;0;0;0;48;2;0;0;0m▀[38;2;0;0;0;48;2;0;0;0m▀[38;2;0;0;0;48;2;0;0;0m▀[38;2;0;0;0;48;2;0;0;0m▀[38;2;0;0;0;48;2;82;43;13m▀[38;2;255;223;49;48;2;177;49;20m▀[38;2;255;195;43;48;2;0;0;0m▀[38;2;139;27;24;48;2;0;0;0m▀[38;2;0;0;0;48;2;0;0;0m▀[38;2;0;0;0;48;2;0;0;0m▀[38;2;0;0;0;48;2;0;0;0m▀[38;2;0;0;0;48;2;0;0;0m▀[38;2;0;0;0;48;2;0;0;0m▀[38;2;0;0;0;48;2;0;0;0m▀[38;2;0;0;0;48;2;0;0;0m▀[38;2;0;0;0;48;2;0;0;0m▀[38;2;0;0;0;48;2;0;0;0m▀[38;2;0;0;0;48;2;0;0;0m▀[38;2;0;0;0;48;2;0;0;0m▀[38;2;0;0;0;48;2;0;0;0m▀[38;2;0;0;0;48;2;0;0;0m▀[38;2;0;0;0;48;2;0;0;0m▀[38;2;0;0;0;48;2;0;0;0m▀[38;2;0;0;0;48;2;0;0;0m▀[38;2;0;0;0;48;2;0;0;0m▀[38;2;0;0;0;48;2;0;0;0m▀[38;2;0;0;0;48;2;0;0;0m▀[38;2;0;0;0;48;2;0;0;0m▀[38;2;0;0;0;48;2;0;0;0m▀[38;2;0;0;0;48;2;0;0;0m▀[38;2;0;0;0;48;2;0;0;0m▀[38;2;0;0;0;48;2;0;0;0m▀[38;2;0;0;0;48;2;0;0;0m▀[38;2;0;0;0;48;2;0;0;0m▀[38;2;0;0;0;48;2;0;0;0m▀[38;2;0;0;0;48;2;0;0;0m▀[38;2;0;0;0;48;2;0;0;0m▀[38;2;0;0;0;48;2;0;0;0m▀[38;2;0;0;0;48;2;0;0;0m▀[38;2;0;0;0;48;2;0;0;0m▀[38;2;0;0;0;48;2;0;0;0m▀[38;2;0;0;0;48;2;0;0;0m▀[38;2;0;0;0;48;2;0;0;0m▀[38;2;0;0;0;48;2;0;0;0m▀[38;2;119;21;0;48;2;0;0;0m▀[38;2;255;255;23;48;2;255;139;11m▀[38;2;0;0;0;48;2;0;0;0m▀[38;2;0;0;0;48;2;0;0;0m▀[38;2;0;0;0;48;2;0;0;0m▀[38;2;0;0;0;48;2;0;0;0m▀[38;2;0;0;0;48;2;0;0;0m▀[38;2;0;0;0;48;2;0;0;0m▀[38;2;0;0;0;48;2;0;0;0m▀[38;2;0;0;0;48;2;0;0;0m▀[38;2;0;0;0;48;2;0;0;0m▀[38;2;72;6;11;48;2;0;0;0m▀[38;2;239;151;35;48;2;0;0;0m▀[38;2;255;255;27;48;2;74;0;9m▀[38;2;218;137;15;48;2;184;78;15m▀[38;2;0;0;0;48;2;0;0;0m▀[38;2;0;0;0;48;2;0;0;0m▀[38;2;0;0;0;48;2;0;0;0m▀[38;2;0;0;0;48;2;0;0;0m▀[38;2;0;0;0;48;2;0;0;0m▀[38;2;0;0;0;48;2;0;0;0m▀[38;2;0;0;0;48;2;0;0;0m▀[38;2;0;0;0;48;2;0;0;0m▀[38;2;0;0;0;48;2;0;0;0m▀[38;2;0;0;0;48;2;0;0;0m▀[38;2;0;0;0;48;2;0;0;0m▀[38;2;0;0;0;48;2;0;0;0m▀[38;2;0;0;0;48;2;0;0;0m▀[0m
[38;2;0;0;0;48;2;0;0;0m▀[38;2;0;0;0;48;2;0;0;0m▀[38;2;0;0;0;48;2;0;0;0m▀[38;2;0;0;0;48;2;0;0;0m▀[38;2;0;0;0;48;2;0;0;0m▀[38;2;0;0;0;48;2;0;0;0m▀[38;2;0;0;0;48;2;0;0;0m▀[38;2;0;0;0;48;2;0;0;0m▀[38;2;0;0;0;48;2;0;0;0m▀[38;2;0;0;0;48;2;0;0;0m▀[38;2;0;0;0;48;2;0;0;0m▀[38;2;0;0;0;48;2;0;0;0m▀[38;2;0;0;0;48;2;0;0;0m▀[38;2;0;0;0;48;2;0;0;0m▀[38;2;0;0;0;48;2;0;0;0m▀[38;2;0;0;0;48;2;0;0;0m▀[38;2;0;0;0;48;2;0;0;0m▀[38;2;0;0;0;48;2;0;0;0m▀[38;2;0;0;0;48;2;0;0;0m▀[38;2;0;0;0;48;2;0;0;0m▀[38;2;0;0;0;48;2;0;0;0m▀[38;2;0;0;0;48;2;0;0;0m▀[38;2;0;0;0;48;2;0;0;0m▀[38;2;0;0;0;48;2;0;0;0m▀[38;2;0;0;0;48;2;0;0;0m▀[38;2;0;0;0;48;2;0;0;0m▀[38;2;0;0;0;48;2;0;0;0m▀[38;2;0;0;0;48;2;0;0;0m▀[38;2;0;0;0;48;2;0;0;0m▀[38;2;0;0;0;48;2;0;0;0m▀[38;2;0;0;0;48;2;0;0;0m▀[38;2;0;0;0;48;2;0;0;0m▀[38;2;0;0;0;48;2;0;0;0m▀[38;2;0;0;0;48;2;0;0;0m▀[38;2;0;0;0;48;2;0;0;0m▀[38;2;0;0;0;48;2;0;0;0m▀[38;2;0;0;0;48;2;0;0;0m▀[38;2;0;0;0;48;2;0;0;0m▀[38;2;0;0;0;48;2;0;0;0m▀[38;2;0;0;0;48;2;0;0;0m▀[38;2;0;0;0;48;2;0;0;0m▀[38;2;0;0;0;48;2;0;0;0m▀[38;2;0;0;0;48;2;0;0;0m▀[38;2;0;0;0;48;2;0;0;0m▀[38;2;0;0;0;48;2;0;0;0m▀[38;2;0;0;0;48;2;0;0;0m▀[38;2;0;0;0;48;2;0;0;0m▀[38;2;0;0;0;48;2;0;0;0m▀[38;2;0;0;0;48;2;0;0;0m▀[38;2;0;0;0;48;2;0;0;0m▀[38;2;0;0;0;48;2;0;0;0m▀[38;2;0;0;0;48;2;0;0;0m▀[38;2;0;0;0;48;2;0;0;0m▀[38;2;0;0;0;48;2;0;0;0m▀[38;2;0;0;0;48;2;0;0;0m▀[38;2;0;0;0;48;2;0;0;0m▀[38;2;0;0;0;48;2;0;0;0m▀[38;2;0;0;0;48;2;0;0;0m▀[38;2;0;0;0;48;2;0;0;0m▀[38;2;0;0;0;48;2;0;0;0m▀[38;2;0;0;0;48;2;0;0;0m▀[38;2;0;0;0;48;2;0;0;0m▀[38;2;0;0;0;48;2;0;0;0m▀[38;2;0;0;0;48;2;0;0;0m▀[38;2;0;0;0;48;2;0;0;0m▀[38;2;0;0;0;48;2;0;0;0m▀[38;2;0;0;0;48;2;0;0;0m▀[38;2;0;0;0;48;2;0;0;0m▀[38;2;0;0;0;48;2;0;0;0m▀[38;2;0;0;0;48;2;0;0;0m▀[38;2;0;0;0;48;2;0;0;0m▀[38;2;0;0;0;48;2;0;0;0m▀[38;2;0;0;0;48;2;0;0;0m▀[38;2;0;0;0;48;2;0;0;0m▀[38;2;0;0;0;48;2;0;0;0m▀[38;2;0;0;0;48;2;0;0;0m▀[38;2;0;0;0;48;2;0;0;0m▀[38;2;0;0;0;48;2;0;0;0m▀[38;2;0;0;0;48;2;0;0;0m▀[38;2;0;0;0;48;2;0;0;0m▀[0m
[38;2;0;0;0;48;2;0;0;0m▀[38;2;0;0;0;48;2;0;0;0m▀[38;2;0;0;0;48;2;0;0;0m▀[38;2;0;0;0;48;2;0;0;0m▀[38;2;0;0;0;48;2;0;0;0m▀[38;2;0;0;0;48;2;0;0;0m▀[38;2;0;0;0;48;2;0;0;0m▀[38;2;0;0;0;48;2;0;0;0m▀[38;2;0;0;0;48;2;0;0;0m▀[38;2;0;0;0;48;2;0;0;0m▀[38;2;0;0;0;48;2;0;0;0m▀[38;2;0;0;0;48;2;0;0;0m▀[38;2;0;0;0;48;2;0;0;0m▀[38;2;0;0;0;48;2;0;0;0m▀[38;2;0;0;0;48;2;0;0;0m▀[38;2;0;0;0;48;2;0;0;0m▀[38;2;0;0;0;48;2;0;0;0m▀[38;2;0;0;0;48;2;0;0;0m▀[38;2;0;0;0;48;2;0;0;0m▀[38;2;0;0;0;48;2;0;0;0m▀[38;2;0;0;0;48;2;0;0;0m▀[38;2;0;0;0;48;2;0;0;0m▀[38;2;0;0;0;48;2;0;0;0m▀[38;2;0;0;0;48;2;0;0;0m▀[38;2;0;0;0;48;2;0;0;0m▀[38;2;0;0;0;48;2;0;0;0m▀[38;2;0;0;0;48;2;0;0;0m▀[38;2;0;0;0;48;2;0;0;0m▀[38;2;0;0;0;48;2;0;0;0m▀[38;2;0;0;0;48;2;0;0;0m▀[38;2;0;0;0;48;2;0;0;0m▀[38;2;0;0;0;48;2;0;0;0m▀[38;2;0;0;0;48;2;0;0;0m▀[38;2;0;0;0;48;2;0;0;0m▀[38;2;0;0;0;48;2;0;0;0m▀[38;2;0;0;0;48;2;0;0;0m▀[38;2;0;0;0;48;2;0;0;0m▀[38;2;0;0;0;48;2;0;0;0m▀[38;2;0;0;0;48;2;0;0;0m▀[38;2;0;0;0;48;2;0;0;0m▀[38;2;0;0;0;48;2;0;0;0m▀[38;2;0;0;0;48;2;0;0;0m▀[38;2;0;0;0;48;2;0;0;0m▀[38;2;0;0;0;48;2;0;0;0m▀[38;2;0;0;0;48;2;0;0;0m▀[38;2;0;0;0;48;2;0;0;0m▀[38;2;0;0;0;48;2;0;0;0m▀[38;2;0;0;0;48;2;0;0;0m▀[38;2;0;0;0;48;2;0;0;0m▀[38;2;0;0;0;48;2;0;0;0m▀[38;2;0;0;0;48;2;0;0;0m▀[38;2;0;0;0;48;2;0;0;0m▀[38;2;0;0;0;48;2;0;0;0m▀[38;2;0;0;0;48;2;0;0;0m▀[38;2;0;0;0;48;2;0;0;0m▀[38;2;0;0;0;48;2;0;0;0m▀[38;2;0;0;0;48;2;0;0;0m▀[38;2;0;0;0;48;2;0;0;0m▀[38;2;0;0;0;48;2;0;0;0m▀[38;2;0;0;0;48;2;0;0;0m▀[38;2;0;0;0;48;2;0;0;0m▀[38;2;0;0;0;48;2;0;0;0m▀[38;2;0;0;0;48;2;0;0;0m▀[38;2;0;0;0;48;2;0;0;0m▀[38;2;0;0;0;48;2;0;0;0m▀[38;2;0;0;0;48;2;0;0;0m▀[38;2;0;0;0;48;2;0;0;0m▀[38;2;0;0;0;48;2;0;0;0m▀[38;2;0;0;0;48;2;0;0;0m▀[38;2;0;0;0;48;2;0;0;0m▀[38;2;0;0;0;48;2;0;0;0m▀[38;2;0;0;0;48;2;0;0;0m▀[38;2;0;0;0;48;2;0;0;0m▀[38;2;0;0;0;48;2;0;0;0m▀[38;2;0;0;0;48;2;0;0;0m▀[38;2;0;0;0;48;2;0;0;0m▀[38;2;0;0;0;48;2;0;0;0m▀[38;2;0;0;0;48;2;0;0;0m▀[38;2;0;0;0;48;2;0;0;0m▀[38;2;0;0;0;48;2;0;0;0m▀[0m
[38;2;0;0;0;48;2;0;0;0m▀[38;2;0;0;0;48;2;0;0;0m▀[38;2;0;0;0;48;2;0;0;0m▀[38;2;0;0;0;48;2;0;0;0m▀[38;2;0;0;0;48;2;0;0;0m▀[38;2;0;0;0;48;2;0;0;0m▀[38;2;0;0;0;48;2;0;0;0m▀[38;2;0;0;0;48;2;0;0;0m▀[38;2;0;0;0;48;2;0;0;0m▀[38;2;0;0;0;48;2;0;0;0m▀[38;2;0;0;0;48;2;0;0;0m▀[38;2;0;0;0;48;2;0;0;0m▀[38;2;0;0;0;48;2;0;0;0m▀[38;2;0;0;0;48;2;0;0;0m▀[38;2;0;0;0;48;2;0;0;0m▀[38;2;0;0;0;48;2;0;0;0m▀[38;2;0;0;0;48;2;0;0;0m▀[38;2;0;0;0;48;2;0;0;0m▀[38;2;0;0;0;48;2;0;0;0m▀[38;2;0;0;0;48;2;0;0;0m▀[38;2;0;0;0;48;2;0;0;0m▀[38;2;0;0;0;48;2;0;0;0m▀[38;2;0;0;0;48;2;0;0;0m▀[38;2;0;0;0;48;2;0;0;0m▀[38;2;0;0;0;48;2;0;0;0m▀[38;2;0;0;0;48;2;0;0;0m▀[38;2;0;0;0;48;2;0;0;0m▀[38;2;0;0;0;48;2;0;0;0m▀[38;2;0;0;0;48;2;0;0;0m▀[38;2;0;0;0;48;2;0;0;0m▀[38;2;0;0;0;48;2;0;0;0m▀[38;2;0;0;0;48;2;0;0;0m▀[38;2;0;0;0;48;2;0;0;0m▀[38;2;0;0;0;48;2;0;0;0m▀[38;2;0;0;0;48;2;0;0;0m▀[38;2;0;0;0;48;2;0;0;0m▀[38;2;0;0;0;48;2;0;0;0m▀[38;2;0;0;0;48;2;0;0;0m▀[38;2;0;0;0;48;2;0;0;0m▀[38;2;0;0;0;48;2;0;0;0m▀[38;2;0;0;0;48;2;0;0;0m▀[38;2;0;0;0;48;2;0;0;0m▀[38;2;0;0;0;48;2;0;0;0m▀[38;2;0;0;0;48;2;0;0;0m▀[38;2;0;0;0;48;2;0;0;0m▀[38;2;0;0;0;48;2;0;0;0m▀[38;2;0;0;0;48;2;0;0;0m▀[38;2;0;0;0;48;2;0;0;0m▀[38;2;0;0;0;48;2;0;0;0m▀[38;2;0;0;0;48;2;0;0;0m▀[38;2;0;0;0;48;2;0;0;0m▀[38;2;0;0;0;48;2;0;0;0m▀[38;2;0;0;0;48;2;0;0;0m▀[38;2;0;0;0;48;2;0;0;0m▀[38;2;0;0;0;48;2;0;0;0m▀[38;2;0;0;0;48;2;0;0;0m▀[38;2;0;0;0;48;2;0;0;0m▀[38;2;0;0;0;48;2;0;0;0m▀[38;2;0;0;0;48;2;0;0;0m▀[38;2;0;0;0;48;2;0;0;0m▀[38;2;0;0;0;48;2;0;0;0m▀[38;2;0;0;0;48;2;0;0;0m▀[38;2;0;0;0;48;2;0;0;0m▀[38;2;0;0;0;48;2;0;0;0m▀[38;2;0;0;0;48;2;0;0;0m▀[38;2;0;0;0;48;2;0;0;0m▀[38;2;0;0;0;48;2;0;0;0m▀[38;2;0;0;0;48;2;0;0;0m▀[38;2;0;0;0;48;2;0;0;0m▀[38;2;0;0;0;48;2;0;0;0m▀[38;2;0;0;0;48;2;0;0;0m▀[38;2;0;0;0;48;2;0;0;0m▀[38;2;0;0;0;48;2;0;0;0m▀[38;2;0;0;0;48;2;0;0;0m▀[38;2;0;0;0;48;2;0;0;0m▀[38;2;0;0;0;48;2;0;0;0m▀[38;2;0;0;0;48;2;0;0;0m▀[38;2;0;0;0;48;2;0;0;0m▀[38;2;0;0;0;48;2;0;0;0m▀[38;2;0;0;0;48;2;0;0;0m▀[0m
