[0;40m          [0m[0m[38;2;0;0;0;48;2;0;0;0m▄[0m[38;2;0;0;0;48;2;0;0;0m▄[0m[38;2;0;0;0;48;2;0;0;0m▄[0m[38;2;0;0;0;48;2;0;0;0m▄[0m[38;2;0;0;0;48;2;0;0;0m▄[0m[38;2;0;0;0;48;2;0;0;0m▄[0m[38;2;0;0;0;48;2;0;0;0m▄[0m[38;2;0;0;0;48;2;0;0;0m▄[0m[38;2;0;0;0;48;2;0;0;0m▄[0m[38;2;0;0;0;48;2;0;0;0m▄[0m[38;2;0;0;0;48;2;0;0;0m▄[0m[38;2;0;0;0;48;2;0;0;0m▄[0m[38;2;0;0;0;48;2;0;0;0m▄[0m[38;2;0;0;0;48;2;0;0;0m▄[0m[38;2;0;0;0;48;2;0;0;0m▄[0m[38;2;0;0;0;48;2;0;0;0m▄[0m[38;2;0;0;0;48;2;0;0;0m▄[0m[38;2;0;0;0;48;2;0;0;0m▄[0m[38;2;0;0;0;48;2;0;0;0m▄[0m[38;2;0;0;0;48;2;0;0;0m▄[0m[38;2;0;0;0;48;2;0;0;0m▄[0m[38;2;0;0;0;48;2;0;0;0m▄[0m[38;2;0;0;0;48;2;0;0;0m▄[0m[38;2;0;0;0;48;2;0;0;0m▄[0m[38;2;0;0;0;48;2;0;0;0m▄[0m[38;2;0;0;0;48;2;0;0;0m▄[0m[38;2;0;0;0;48;2;0;0;0m▄[0m[38;2;0;0;0;48;2;0;0;0m▄[0m[38;2;0;0;0;48;2;0;0;0m▄[0m[38;2;0;0;0;48;2;0;0;0m▄[0m[38;2;0;0;0;48;2;0;0;0m▄[0m[38;2;0;0;0;48;2;0;0;0m▄[0m[38;2;0;0;0;48;2;0;0;0m▄[0m[38;2;0;0;0;48;2;0;0;0m▄[0m[38;2;0;0;0;48;2;0;0;0m▄[0m[38;2;0;0;0;48;2;0;0;0m▄[0m[38;2;0;0;0;48;2;0;0;0m▄[0m[38;2;0;0;0;48;2;0;0;0m▄[0m[38;2;0;0;0;48;2;0;0;0m▄[0m[38;2;0;0;0;48;2;0;0;0m▄[0m[38;2;0;0;0;48;2;0;0;0m▄[0m[38;2;0;0;0;48;2;0;0;0m▄[0m[38;2;0;0;0;48;2;0;0;0m▄[0m[38;2;0;0;0;48;2;0;0;0m▄[0m[38;2;0;0;0;48;2;0;0;0m▄[0m[38;2;0;0;0;48;2;0;0;0m▄[0m[38;2;0;0;0;48;2;0;0;0m▄[0m[38;2;0;0;0;48;2;0;0;0m▄[0m[38;2;0;0;0;48;2;0;0;0m▄[0m[38;2;0;0;0;48;2;0;0;0m▄[0m[38;2;0;0;0;48;2;0;0;0m▄[0m[38;2;0;0;0;48;2;0;0;0m▄[0m[38;2;0;0;0;48;2;0;0;0m▄[0m[38;2;0;0;0;48;2;0;0;0m▄[0m[38;2;0;0;0;48;2;0;0;0m▄[0m[38;2;0;0;0;48;2;0;0;0m▄[0m[38;2;0;0;0;48;2;0;0;0m▄[0m[38;2;0;0;0;48;2;0;0;0m▄[0m[38;2;0;0;0;48;2;0;0;0m▄[0m[0;40m           [0m
[0;40m          [0m[38;2;0;0;0;48;2;0;0;0m▄[0m[38;2;0;0;0;48;2;0;0;0m▄[0m[38;2;0;0;0;48;2;0;0;0m▄[0m[38;2;0;0;0;48;2;0;0;0m▄[0m[38;2;0;0;0;48;2;0;0;0m▄[0m[38;2;0;0;0;48;2;0;0;0m▄[0m[38;2;0;0;0;48;2;0;0;0m▄[0m[38;2;0;0;0;48;2;0;0;0m▄[0m[38;2;0;0;0;48;2;0;0;0m▄[0m[38;2;0;0;0;48;2;0;0;0m▄[0m[38;2;0;0;0;48;2;0;0;0m▄[0m[38;2;0;0;0;48;2;0;0;0m▄[0m[38;2;0;0;0;48;2;0;0;0m▄[0m[38;2;0;0;0;48;2;0;0;0m▄[0m[38;2;0;0;0;48;2;0;0;0m▄[0m[38;2;0;0;0;48;2;0;0;0m▄[0m[38;2;0;0;0;48;2;0;0;0m▄[0m[38;2;0;0;0;48;2;0;0;0m▄[0m[38;2;0;0;0;48;2;0;0;0m▄[0m[38;2;0;0;0;48;2;0;0;0m▄[0m[38;2;0;0;0;48;2;0;0;0m▄[0m[38;2;0;0;0;48;2;0;0;0m▄[0m[38;2;0;0;0;48;2;0;0;0m▄[0m[38;2;0;0;0;48;2;0;0;0m▄[0m[38;2;0;0;0;48;2;0;0;0m▄[0m[38;2;0;0;0;48;2;0;0;0m▄[0m[38;2;0;0;0;48;2;0;0;0m▄[0m[38;2;0;0;0;48;2;0;0;0m▄[0m[38;2;0;0;0;48;2;0;0;0m▄[0m[38;2;0;0;0;48;2;0;0;0m▄[0m[38;2;0;0;0;48;2;0;0;0m▄[0m[38;2;0;0;0;48;2;0;0;0m▄[0m[38;2;0;0;0;48;2;0;0;0m▄[0m[38;2;0;0;0;48;2;0;0;0m▄[0m[38;2;0;0;0;48;2;0;0;0m▄[0m[38;2;0;0;0;48;2;0;0;0m▄[0m[38;2;0;0;0;48;2;0;0;0m▄[0m[38;2;0;0;0;48;2;0;0;0m▄[0m[38;2;0;0;0;48;2;0;0;0m▄[0m[38;2;0;0;0;48;2;0;0;0m▄[0m[38;2;0;0;0;48;2;0;0;0m▄[0m[38;2;0;0;0;48;2;0;0;0m▄[0m[38;2;0;0;0;48;2;0;0;0m▄[0m[38;2;0;0;0;48;2;0;0;0m▄[0m[38;2;0;0;0;48;2;0;0;0m▄[0m[38;2;0;0;0;48;2;0;0;0m▄[0m[38;2;0;0;0;48;2;0;0;0m▄[0m[38;2;0;0;0;48;2;0;0;0m▄[0m[38;2;0;0;0;48;2;0;0;0m▄[0m[38;2;0;0;0;48;2;0;0;0m▄[0m[38;2;0;0;0;48;2;0;0;0m▄[0m[38;2;0;0;0;48;2;0;0;0m▄[0m[38;2;0;0;0;48;2;0;0;0m▄[0m[38;2;0;0;0;48;2;0;0;0m▄[0m[38;2;0;0;0;48;2;0;0;0m▄[0m[38;2;0;0;0;48;2;0;0;0m▄[0m[38;2;0;0;0;48;2;0;0;0m▄[0m[38;2;0;0;0;48;2;0;0;0m▄[0m[38;2;0;0;0;48;2;0;0;0m▄[0m[0;40m           [0m
[0;40m          [0m[38;2;0;0;0;48;2;0;0;0m▄[0m[38;2;0;0;0;48;2;0;0;0m▄[0m[38;2;0;0;0;48;2;0;0;0m▄[0m[38;2;0;0;0;48;2;0;0;0m▄[0m[38;2;0;0;0;48;2;0;0;0m▄[0m[38;2;0;0;0;48;2;0;0;0m▄[0m[38;2;0;0;0;48;2;0;0;0m▄[0m[38;2;0;0;0;48;2;0;0;0m▄[0m[38;2;0;0;0;48;2;0;0;0m▄[0m[38;2;0;0;0;48;2;0;0;0m▄[0m[38;2;0;0;0;48;2;0;0;0m▄[0m[38;2;0;0;0;48;2;0;0;0m▄[0m[38;2;0;0;0;48;2;0;0;0m▄[0m[38;2;0;0;0;48;2;0;0;0m▄[0m[38;2;0;0;0;48;2;0;0;0m▄[0m[38;2;0;0;0;48;2;0;0;0m▄[0m[38;2;0;0;0;48;2;0;0;0m▄[0m[38;2;0;0;0;48;2;0;0;0m▄[0m[38;2;0;0;0;48;2;0;0;0m▄[0m[38;2;0;0;0;48;2;0;0;0m▄[0m[38;2;0;0;0;48;2;0;0;0m▄[0m[38;2;0;0;0;48;2;0;0;0m▄[0m[38;2;0;0;0;48;2;0;0;0m▄[0m[38;2;0;0;0;48;2;0;0;0m▄[0m[38;2;0;0;0;48;2;0;0;0m▄[0m[38;2;0;0;0;48;2;0;0;0m▄[0m[38;2;0;0;0;48;2;0;0;0m▄[0m[38;2;0;0;0;48;2;0;0;0m▄[0m[38;2;0;0;0;48;2;0;0;0m▄[0m[38;2;0;0;0;48;2;0;0;0m▄[0m[38;2;0;0;0;48;2;0;0;0m▄[0m[38;2;0;0;0;48;2;0;0;0m▄[0m[38;2;0;0;0;48;2;0;0;0m▄[0m[38;2;0;0;0;48;2;0;0;0m▄[0m[38;2;0;0;0;48;2;0;0;0m▄[0m[38;2;0;0;0;48;2;0;0;0m▄[0m[38;2;0;0;0;48;2;0;0;0m▄[0m[38;2;0;0;0;48;2;0;0;0m▄[0m[38;2;0;0;0;48;2;0;0;0m▄[0m[38;2;0;0;0;48;2;0;0;0m▄[0m[38;2;0;0;0;48;2;0;0;0m▄[0m[38;2;0;0;0;48;2;0;0;0m▄[0m[38;2;0;0;0;48;2;0;0;0m▄[0m[38;2;0;0;0;48;2;0;0;0m▄[0m[38;2;0;0;0;48;2;0;0;0m▄[0m[38;2;0;0;0;48;2;0;0;0m▄[0m[38;2;0;0;0;48;2;0;0;0m▄[0m[38;2;0;0;0;48;2;0;0;0m▄[0m[38;2;0;0;0;48;2;0;0;0m▄[0m[38;2;0;0;0;48;2;0;0;0m▄[0m[38;2;0;0;0;48;2;0;0;0m▄[0m[38;2;0;0;0;48;2;0;0;0m▄[0m[38;2;0;0;0;48;2;0;0;0m▄[0m[38;2;0;0;0;48;2;0;0;0m▄[0m[38;2;0;0;0;48;2;0;0;0m▄[0m[38;2;0;0;0;48;2;0;0;0m▄[0m[38;2;0;0;0;48;2;0;0;0m▄[0m[38;2;0;0;0;48;2;0;0;0m▄[0m[38;2;0;0;0;48;2;0;0;0m▄[0m[0;40m           [0m
[0;40m          [0m[38;2;0;0;0;48;2;0;0;0m▄[0m[38;2;0;0;0;48;2;0;0;0m▄[0m[38;2;0;0;0;48;2;0;0;0m▄[0m[38;2;0;0;0;48;2;0;0;0m▄[0m[38;2;0;0;0;48;2;0;0;0m▄[0m[38;2;0;0;0;48;2;0;0;0m▄[0m[38;2;0;0;0;48;2;0;0;0m▄[0m[38;2;0;0;0;48;2;0;0;0m▄[0m[38;2;0;0;0;48;2;0;0;0m▄[0m[38;2;0;0;0;48;2;0;0;0m▄[0m[38;2;0;0;0;48;2;0;0;0m▄[0m[38;2;0;0;0;48;2;0;0;0m▄[0m[38;2;0;0;0;48;2;0;0;0m▄[0m[38;2;0;0;0;48;2;0;0;0m▄[0m[38;2;0;0;0;48;2;0;0;0m▄[0m[38;2;0;0;0;48;2;0;0;0m▄[0m[38;2;0;0;0;48;2;0;0;0m▄[0m[38;2;0;0;0;48;2;0;0;0m▄[0m[38;2;23;0;0;48;2;0;0;0m▄[0m[38;2;131;3;4;48;2;0;0;0m▄[0m[38;2;203;52;54;48;2;21;0;0m▄[0m[38;2;240;70;72;48;2;46;0;1m▄[0m[38;2;239;59;62;48;2;51;0;1m▄[0m[38;2;239;37;39;48;2;56;0;1m▄[0m[38;2;222;14;16;48;2;23;0;0m▄[0m[38;2;159;4;5;48;2;5;0;0m▄[0m[38;2;90;2;2;48;2;0;0;0m▄[0m[38;2;6;0;0;48;2;0;0;0m▄[0m[38;2;0;0;0;48;2;0;0;0m▄[0m[38;2;0;0;0;48;2;0;0;0m▄[0m[38;2;0;0;0;48;2;0;0;0m▄[0m[38;2;1;0;0;48;2;0;0;0m▄[0m[38;2;47;0;1;48;2;0;0;0m▄[0m[38;2;131;2;4;48;2;0;0;0m▄[0m[38;2;204;20;22;48;2;21;0;0m▄[0m[38;2;239;49;51;48;2;48;0;1m▄[0m[38;2;238;28;30;48;2;51;0;1m▄[0m[38;2;238;16;18;48;2;55;0;1m▄[0m[38;2;197;5;7;48;2;21;0;0m▄[0m[38;2;145;3;4;48;2;0;0;0m▄[0m[38;2;28;0;0;48;2;0;0;0m▄[0m[38;2;0;0;0;48;2;0;0;0m▄[0m[38;2;0;0;0;48;2;0;0;0m▄[0m[38;2;0;0;0;48;2;0;0;0m▄[0m[38;2;0;0;0;48;2;0;0;0m▄[0m[38;2;0;0;0;48;2;0;0;0m▄[0m[38;2;0;0;0;48;2;0;0;0m▄[0m[38;2;0;0;0;48;2;0;0;0m▄[0m[38;2;0;0;0;48;2;0;0;0m▄[0m[38;2;0;0;0;48;2;0;0;0m▄[0m[38;2;0;0;0;48;2;0;0;0m▄[0m[38;2;0;0;0;48;2;0;0;0m▄[0m[38;2;0;0;0;48;2;0;0;0m▄[0m[38;2;0;0;0;48;2;0;0;0m▄[0m[38;2;0;0;0;48;2;0;0;0m▄[0m[38;2;0;0;0;48;2;0;0;0m▄[0m[38;2;0;0;0;48;2;0;0;0m▄[0m[38;2;0;0;0;48;2;0;0;0m▄[0m[38;2;0;0;0;48;2;0;0;0m▄[0m[0;40m           [0m
[0;40m          [0m[38;2;0;0;0;48;2;0;0;0m▄[0m[38;2;0;0;0;48;2;0;0;0m▄[0m[38;2;0;0;0;48;2;0;0;0m▄[0m[38;2;0;0;0;48;2;0;0;0m▄[0m[38;2;0;0;0;48;2;0;0;0m▄[0m[38;2;0;0;0;48;2;0;0;0m▄[0m[38;2;0;0;0;48;2;0;0;0m▄[0m[38;2;0;0;0;48;2;0;0;0m▄[0m[38;2;0;0;0;48;2;0;0;0m▄[0m[38;2;0;0;0;48;2;0;0;0m▄[0m[38;2;0;0;0;48;2;0;0;0m▄[0m[38;2;0;0;0;48;2;0;0;0m▄[0m[38;2;0;0;0;48;2;0;0;0m▄[0m[38;2;0;0;0;48;2;0;0;0m▄[0m[38;2;0;0;0;48;2;0;0;0m▄[0m[38;2;0;0;0;48;2;0;0;0m▄[0m[38;2;60;0;1;48;2;0;0;0m▄[0m[38;2;216;15;18;48;2;48;0;1m▄[0m[38;2;251;137;139;48;2;209;18;21m▄[0m[38;2;252;245;245;48;2;250;105;107m▄[0m[38;2;252;251;251;48;2;252;197;197m▄[0m[38;2;252;240;241;48;2;252;232;233m▄[0m[38;2;252;191;192;48;2;252;219;220m▄[0m[38;2;251;122;124;48;2;252;171;172m▄[0m[38;2;250;76;79;48;2;250;79;82m▄[0m[38;2;250;59;62;48;2;247;37;39m▄[0m[38;2;249;38;40;48;2;237;12;14m▄[0m[38;2;237;12;14;48;2;152;2;4m▄[0m[38;2;133;1;3;48;2;12;0;0m▄[0m[38;2;18;0;0;48;2;0;0;0m▄[0m[38;2;131;2;4;48;2;6;0;0m▄[0m[38;2;238;15;17;48;2;118;2;3m▄[0m[38;2;249;87;89;48;2;220;9;11m▄[0m[38;2;251;158;160;48;2;244;57;59m▄[0m[38;2;252;245;245;48;2;251;137;139m▄[0m[38;2;252;218;219;48;2;251;189;190m▄[0m[38;2;251;120;122;48;2;252;160;161m▄[0m[38;2;251;83;86;48;2;250;82;84m▄[0m[38;2;248;25;27;48;2;246;27;29m▄[0m[38;2;231;14;16;48;2;217;5;7m▄[0m[38;2;182;2;4;48;2;200;5;7m▄[0m[38;2;210;5;8;48;2;48;0;1m▄[0m[38;2;59;1;1;48;2;0;0;0m▄[0m[38;2;0;0;0;48;2;0;0;0m▄[0m[38;2;0;0;0;48;2;0;0;0m▄[0m[38;2;0;0;0;48;2;0;0;0m▄[0m[38;2;0;0;0;48;2;0;0;0m▄[0m[38;2;0;0;0;48;2;0;0;0m▄[0m[38;2;0;0;0;48;2;0;0;0m▄[0m[38;2;0;0;0;48;2;0;0;0m▄[0m[38;2;0;0;0;48;2;0;0;0m▄[0m[38;2;0;0;0;48;2;0;0;0m▄[0m[38;2;0;0;0;48;2;0;0;0m▄[0m[38;2;0;0;0;48;2;0;0;0m▄[0m[38;2;0;0;0;48;2;0;0;0m▄[0m[38;2;0;0;0;48;2;0;0;0m▄[0m[38;2;0;0;0;48;2;0;0;0m▄[0m[38;2;0;0;0;48;2;0;0;0m▄[0m[38;2;0;0;0;48;2;0;0;0m▄[0m[0;40m           [0m
[0;40m          [0m[38;2;0;0;0;48;2;0;0;0m▄[0m[38;2;0;0;0;48;2;0;0;0m▄[0m[38;2;0;0;0;48;2;0;0;0m▄[0m[38;2;0;0;0;48;2;0;0;0m▄[0m[38;2;0;0;0;48;2;0;0;0m▄[0m[38;2;0;0;0;48;2;0;0;0m▄[0m[38;2;0;0;0;48;2;0;0;0m▄[0m[38;2;0;0;0;48;2;0;0;0m▄[0m[38;2;0;0;0;48;2;0;0;0m▄[0m[38;2;0;0;0;48;2;0;0;0m▄[0m[38;2;0;0;0;48;2;0;0;0m▄[0m[38;2;0;0;0;48;2;0;0;0m▄[0m[38;2;0;0;0;48;2;0;0;0m▄[0m[38;2;0;0;0;48;2;0;0;0m▄[0m[38;2;0;0;0;48;2;0;0;0m▄[0m[38;2;24;0;0;48;2;11;0;0m▄[0m[38;2;203;13;15;48;2;164;8;9m▄[0m[38;2;250;92;94;48;2;247;64;66m▄[0m[38;2;252;186;187;48;2;252;201;202m▄[0m[38;2;252;185;186;48;2;252;245;245m▄[0m[38;2;251;130;132;48;2;252;218;218m▄[0m[38;2;250;66;70;48;2;251;150;152m▄[0m[38;2;249;42;45;48;2;250;93;96m▄[0m[38;2;248;24;26;48;2;249;58;61m▄[0m[38;2;248;24;26;48;2;249;34;37m▄[0m[38;2;248;24;26;48;2;248;32;34m▄[0m[38;2;248;25;27;48;2;248;24;27m▄[0m[38;2;248;24;26;48;2;242;14;16m▄[0m[38;2;246;24;26;48;2;206;4;6m▄[0m[38;2;234;44;47;48;2;114;1;2m▄[0m[38;2;251;91;94;48;2;229;21;24m▄[0m[38;2;251;108;111;48;2;250;108;109m▄[0m[38;2;251;93;96;48;2;252;145;147m▄[0m[38;2;249;49;52;48;2;252;140;141m▄[0m[38;2;249;39;41;48;2;251;140;142m▄[0m[38;2;248;26;28;48;2;251;110;112m▄[0m[38;2;243;16;18;48;2;249;60;62m▄[0m[38;2;230;7;9;48;2;246;20;22m▄[0m[38;2;214;4;5;48;2;241;14;16m▄[0m[38;2;238;11;13;48;2;238;8;10m▄[0m[38;2;248;82;84;48;2;215;6;8m▄[0m[38;2;208;5;7;48;2;192;2;4m▄[0m[38;2;203;5;7;48;2;181;5;6m▄[0m[38;2;28;0;1;48;2;10;0;0m▄[0m[38;2;0;0;0;48;2;0;0;0m▄[0m[38;2;0;0;0;48;2;0;0;0m▄[0m[38;2;0;0;0;48;2;0;0;0m▄[0m[38;2;0;0;0;48;2;0;0;0m▄[0m[38;2;0;0;0;48;2;0;0;0m▄[0m[38;2;0;0;0;48;2;0;0;0m▄[0m[38;2;0;0;0;48;2;0;0;0m▄[0m[38;2;0;0;0;48;2;0;0;0m▄[0m[38;2;0;0;0;48;2;0;0;0m▄[0m[38;2;0;0;0;48;2;0;0;0m▄[0m[38;2;0;0;0;48;2;0;0;0m▄[0m[38;2;0;0;0;48;2;0;0;0m▄[0m[38;2;0;0;0;48;2;0;0;0m▄[0m[38;2;0;0;0;48;2;0;0;0m▄[0m[38;2;0;0;0;48;2;0;0;0m▄[0m[0;40m           [0m
[0;40m          [0m[38;2;0;0;0;48;2;0;0;0m▄[0m[38;2;0;0;0;48;2;0;0;0m▄[0m[38;2;0;0;0;48;2;0;0;0m▄[0m[38;2;0;0;0;48;2;0;0;0m▄[0m[38;2;0;0;0;48;2;0;0;0m▄[0m[38;2;0;0;0;48;2;0;0;0m▄[0m[38;2;0;0;0;48;2;0;0;0m▄[0m[38;2;0;0;0;48;2;0;0;0m▄[0m[38;2;0;0;0;48;2;0;0;0m▄[0m[38;2;0;0;0;48;2;0;0;0m▄[0m[38;2;0;0;0;48;2;0;0;0m▄[0m[38;2;0;0;0;48;2;0;0;0m▄[0m[38;2;0;0;0;48;2;0;0;0m▄[0m[38;2;0;0;0;48;2;0;0;0m▄[0m[38;2;0;0;0;48;2;0;0;0m▄[0m[38;2;9;0;0;48;2;24;0;0m▄[0m[38;2;141;3;5;48;2;200;9;11m▄[0m[38;2;231;8;10;48;2;245;45;47m▄[0m[38;2;250;85;87;48;2;252;195;196m▄[0m[38;2;251;136;138;48;2;252;167;169m▄[0m[38;2;250;69;72;48;2;250;61;64m▄[0m[38;2;248;24;26;48;2;249;36;38m▄[0m[38;2;247;22;24;48;2;248;24;26m▄[0m[38;2;238;8;10;48;2;247;22;24m▄[0m[38;2;238;8;10;48;2;242;14;16m▄[0m[38;2;238;8;10;48;2;243;16;18m▄[0m[38;2;241;12;14;48;2;247;23;25m▄[0m[38;2;246;22;24;48;2;248;24;27m▄[0m[38;2;248;24;25;48;2;248;24;26m▄[0m[38;2;248;24;26;48;2;249;33;35m▄[0m[38;2;248;24;26;48;2;250;73;76m▄[0m[38;2;248;24;26;48;2;250;68;71m▄[0m[38;2;244;17;19;48;2;248;32;34m▄[0m[38;2;240;11;13;48;2;247;22;24m▄[0m[38;2;238;8;10;48;2;246;21;22m▄[0m[38;2;225;6;7;48;2;240;11;13m▄[0m[38;2;202;2;3;48;2;227;6;8m▄[0m[38;2;177;1;3;48;2;200;1;2m▄[0m[38;2;181;1;3;48;2;201;1;2m▄[0m[38;2;215;4;6;48;2;236;38;40m▄[0m[38;2;210;4;6;48;2;247;109;110m▄[0m[38;2;181;3;5;48;2;192;4;6m▄[0m[38;2;137;2;4;48;2;196;5;7m▄[0m[38;2;5;0;0;48;2;26;0;0m▄[0m[38;2;0;0;0;48;2;0;0;0m▄[0m[38;2;0;0;0;48;2;0;0;0m▄[0m[38;2;0;0;0;48;2;0;0;0m▄[0m[38;2;0;0;0;48;2;0;0;0m▄[0m[38;2;0;0;0;48;2;0;0;0m▄[0m[38;2;0;0;0;48;2;0;0;0m▄[0m[38;2;0;0;0;48;2;0;0;0m▄[0m[38;2;0;0;0;48;2;0;0;0m▄[0m[38;2;0;0;0;48;2;0;0;0m▄[0m[38;2;0;0;0;48;2;0;0;0m▄[0m[38;2;0;0;0;48;2;0;0;0m▄[0m[38;2;0;0;0;48;2;0;0;0m▄[0m[38;2;0;0;0;48;2;0;0;0m▄[0m[38;2;0;0;0;48;2;0;0;0m▄[0m[38;2;0;0;0;48;2;0;0;0m▄[0m[0;40m           [0m
[0;40m          [0m[38;2;0;0;0;48;2;0;0;0m▄[0m[38;2;0;0;0;48;2;0;0;0m▄[0m[38;2;0;0;0;48;2;0;0;0m▄[0m[38;2;0;0;0;48;2;0;0;0m▄[0m[38;2;0;0;0;48;2;0;0;0m▄[0m[38;2;0;0;0;48;2;0;0;0m▄[0m[38;2;0;0;0;48;2;0;0;0m▄[0m[38;2;0;0;0;48;2;0;0;0m▄[0m[38;2;0;0;0;48;2;0;0;0m▄[0m[38;2;0;0;0;48;2;0;0;0m▄[0m[38;2;0;0;0;48;2;0;0;0m▄[0m[38;2;0;0;0;48;2;0;0;0m▄[0m[38;2;0;0;0;48;2;0;0;0m▄[0m[38;2;0;0;0;48;2;0;0;0m▄[0m[38;2;0;0;0;48;2;0;0;0m▄[0m[38;2;0;0;0;48;2;0;0;0m▄[0m[38;2;5;0;0;48;2;50;0;1m▄[0m[38;2;114;1;3;48;2;202;4;7m▄[0m[38;2;221;5;7;48;2;217;7;8m▄[0m[38;2;205;3;5;48;2;244;38;40m▄[0m[38;2;234;38;40;48;2;248;44;46m▄[0m[38;2;240;27;29;48;2;245;20;21m▄[0m[38;2;218;4;6;48;2;239;10;12m▄[0m[38;2;201;1;2;48;2;220;5;6m▄[0m[38;2;201;1;2;48;2;222;5;7m▄[0m[38;2;205;2;3;48;2;233;7;9m▄[0m[38;2;221;5;6;48;2;238;8;10m▄[0m[38;2;232;7;9;48;2;238;8;10m▄[0m[38;2;238;8;10;48;2;240;11;13m▄[0m[38;2;238;8;10;48;2;246;21;22m▄[0m[38;2;238;8;10;48;2;245;20;22m▄[0m[38;2;228;6;8;48;2;240;12;14m▄[0m[38;2;211;3;4;48;2;238;8;10m▄[0m[38;2;202;1;2;48;2;231;7;9m▄[0m[38;2;195;1;2;48;2;213;4;5m▄[0m[38;2;174;1;3;48;2;201;1;2m▄[0m[38;2;147;0;4;48;2;178;1;3m▄[0m[38;2;149;0;4;48;2;157;0;3m▄[0m[38;2;163;0;3;48;2;142;0;4m▄[0m[38;2;169;1;3;48;2;160;0;3m▄[0m[38;2;203;4;6;48;2;160;1;4m▄[0m[38;2;111;1;3;48;2;194;4;6m▄[0m[38;2;4;0;0;48;2;51;0;1m▄[0m[38;2;0;0;0;48;2;0;0;0m▄[0m[38;2;0;0;0;48;2;0;0;0m▄[0m[38;2;0;0;0;48;2;0;0;0m▄[0m[38;2;0;0;0;48;2;0;0;0m▄[0m[38;2;0;0;0;48;2;0;0;0m▄[0m[38;2;0;0;0;48;2;0;0;0m▄[0m[38;2;0;0;0;48;2;0;0;0m▄[0m[38;2;0;0;0;48;2;0;0;0m▄[0m[38;2;0;0;0;48;2;0;0;0m▄[0m[38;2;0;0;0;48;2;0;0;0m▄[0m[38;2;0;0;0;48;2;0;0;0m▄[0m[38;2;0;0;0;48;2;0;0;0m▄[0m[38;2;0;0;0;48;2;0;0;0m▄[0m[38;2;0;0;0;48;2;0;0;0m▄[0m[38;2;0;0;0;48;2;0;0;0m▄[0m[38;2;0;0;0;48;2;0;0;0m▄[0m[0;40m           [0m
[0;40m          [0m[38;2;0;0;0;48;2;0;0;0m▄[0m[38;2;0;0;0;48;2;0;0;0m▄[0m[38;2;0;0;0;48;2;0;0;0m▄[0m[38;2;0;0;0;48;2;0;0;0m▄[0m[38;2;0;0;0;48;2;0;0;0m▄[0m[38;2;0;0;0;48;2;0;0;0m▄[0m[38;2;0;0;0;48;2;0;0;0m▄[0m[38;2;0;0;0;48;2;0;0;0m▄[0m[38;2;0;0;0;48;2;0;0;0m▄[0m[38;2;0;0;0;48;2;0;0;0m▄[0m[38;2;0;0;0;48;2;0;0;0m▄[0m[38;2;0;0;0;48;2;0;0;0m▄[0m[38;2;0;0;0;48;2;0;0;0m▄[0m[38;2;0;0;0;48;2;0;0;0m▄[0m[38;2;0;0;0;48;2;0;0;0m▄[0m[38;2;0;0;0;48;2;0;0;0m▄[0m[38;2;0;0;0;48;2;0;0;0m▄[0m[38;2;0;0;0;48;2;15;0;0m▄[0m[38;2;0;0;0;48;2;119;2;3m▄[0m[38;2;51;0;1;48;2;208;5;7m▄[0m[38;2;183;5;6;48;2;173;2;5m▄[0m[38;2;207;5;7;48;2;179;2;4m▄[0m[38;2;161;1;4;48;2;176;1;3m▄[0m[38;2;146;0;4;48;2;161;0;3m▄[0m[38;2;138;0;3;48;2;177;1;3m▄[0m[38;2;145;0;3;48;2;201;1;2m▄[0m[38;2;164;1;3;48;2;201;1;2m▄[0m[38;2;185;1;2;48;2;203;1;2m▄[0m[38;2;201;1;2;48;2;214;4;5m▄[0m[38;2;201;1;2;48;2;225;6;7m▄[0m[38;2;194;1;2;48;2;211;3;4m▄[0m[38;2;166;0;3;48;2;202;1;2m▄[0m[38;2;145;0;3;48;2;199;1;2m▄[0m[38;2;125;0;3;48;2;182;1;3m▄[0m[38;2;150;0;4;48;2;157;0;3m▄[0m[38;2;188;1;2;48;2;142;0;4m▄[0m[38;2;213;5;6;48;2;162;0;3m▄[0m[38;2;223;12;14;48;2;179;1;3m▄[0m[38;2;151;2;4;48;2;164;1;4m▄[0m[38;2;62;0;1;48;2;192;3;6m▄[0m[38;2;2;0;0;48;2;123;2;3m▄[0m[38;2;0;0;0;48;2;15;0;0m▄[0m[38;2;0;0;0;48;2;0;0;0m▄[0m[38;2;0;0;0;48;2;0;0;0m▄[0m[38;2;0;0;0;48;2;0;0;0m▄[0m[38;2;0;0;0;48;2;0;0;0m▄[0m[38;2;0;0;0;48;2;0;0;0m▄[0m[38;2;0;0;0;48;2;0;0;0m▄[0m[38;2;0;0;0;48;2;0;0;0m▄[0m[38;2;0;0;0;48;2;0;0;0m▄[0m[38;2;0;0;0;48;2;0;0;0m▄[0m[38;2;0;0;0;48;2;0;0;0m▄[0m[38;2;0;0;0;48;2;0;0;0m▄[0m[38;2;0;0;0;48;2;0;0;0m▄[0m[38;2;0;0;0;48;2;0;0;0m▄[0m[38;2;0;0;0;48;2;0;0;0m▄[0m[38;2;0;0;0;48;2;0;0;0m▄[0m[38;2;0;0;0;48;2;0;0;0m▄[0m[38;2;0;0;0;48;2;0;0;0m▄[0m[0;40m           [0m
[0;40m          [0m[38;2;0;0;0;48;2;0;0;0m▄[0m[38;2;0;0;0;48;2;0;0;0m▄[0m[38;2;0;0;0;48;2;0;0;0m▄[0m[38;2;0;0;0;48;2;0;0;0m▄[0m[38;2;0;0;0;48;2;0;0;0m▄[0m[38;2;0;0;0;48;2;0;0;0m▄[0m[38;2;0;0;0;48;2;0;0;0m▄[0m[38;2;0;0;0;48;2;0;0;0m▄[0m[38;2;0;0;0;48;2;0;0;0m▄[0m[38;2;0;0;0;48;2;0;0;0m▄[0m[38;2;0;0;0;48;2;0;0;0m▄[0m[38;2;0;0;0;48;2;0;0;0m▄[0m[38;2;0;0;0;48;2;0;0;0m▄[0m[38;2;0;0;0;48;2;0;0;0m▄[0m[38;2;0;0;0;48;2;0;0;0m▄[0m[38;2;0;0;0;48;2;0;0;0m▄[0m[38;2;0;0;0;48;2;0;0;0m▄[0m[38;2;0;0;0;48;2;0;0;0m▄[0m[38;2;0;0;0;48;2;0;0;0m▄[0m[38;2;0;0;0;48;2;0;0;0m▄[0m[38;2;0;0;0;48;2;15;0;0m▄[0m[38;2;4;0;0;48;2;110;1;3m▄[0m[38;2;61;0;1;48;2;214;5;8m▄[0m[38;2;163;3;5;48;2;191;3;6m▄[0m[38;2;209;5;7;48;2;156;1;3m▄[0m[38;2;156;1;4;48;2;120;0;2m▄[0m[38;2;139;0;3;48;2;124;0;3m▄[0m[38;2;114;0;2;48;2;139;0;4m▄[0m[38;2;116;0;2;48;2;151;0;4m▄[0m[38;2;126;0;3;48;2;174;1;3m▄[0m[38;2;116;0;2;48;2;149;0;4m▄[0m[38;2;121;0;3;48;2;127;0;3m▄[0m[38;2;144;0;4;48;2;117;0;2m▄[0m[38;2;192;3;6;48;2;144;0;3m▄[0m[38;2;224;8;10;48;2;201;3;4m▄[0m[38;2;165;3;6;48;2;225;9;11m▄[0m[38;2;53;0;1;48;2;215;9;11m▄[0m[38;2;5;0;0;48;2;118;3;4m▄[0m[38;2;0;0;0;48;2;11;0;0m▄[0m[38;2;0;0;0;48;2;0;0;0m▄[0m[38;2;0;0;0;48;2;0;0;0m▄[0m[38;2;0;0;0;48;2;0;0;0m▄[0m[38;2;0;0;0;48;2;0;0;0m▄[0m[38;2;0;0;0;48;2;0;0;0m▄[0m[38;2;0;0;0;48;2;0;0;0m▄[0m[38;2;0;0;0;48;2;0;0;0m▄[0m[38;2;0;0;0;48;2;0;0;0m▄[0m[38;2;0;0;0;48;2;0;0;0m▄[0m[38;2;0;0;0;48;2;0;0;0m▄[0m[38;2;0;0;0;48;2;0;0;0m▄[0m[38;2;0;0;0;48;2;0;0;0m▄[0m[38;2;0;0;0;48;2;0;0;0m▄[0m[38;2;0;0;0;48;2;0;0;0m▄[0m[38;2;0;0;0;48;2;0;0;0m▄[0m[38;2;0;0;0;48;2;0;0;0m▄[0m[38;2;0;0;0;48;2;0;0;0m▄[0m[38;2;0;0;0;48;2;0;0;0m▄[0m[38;2;0;0;0;48;2;0;0;0m▄[0m[38;2;0;0;0;48;2;0;0;0m▄[0m[0;40m           [0m
[0;40m          [0m[38;2;0;0;0;48;2;0;0;0m▄[0m[38;2;0;0;0;48;2;0;0;0m▄[0m[38;2;0;0;0;48;2;0;0;0m▄[0m[38;2;0;0;0;48;2;0;0;0m▄[0m[38;2;0;0;0;48;2;0;0;0m▄[0m[38;2;0;0;0;48;2;0;0;0m▄[0m[38;2;0;0;0;48;2;0;0;0m▄[0m[38;2;0;0;0;48;2;0;0;0m▄[0m[38;2;0;0;0;48;2;0;0;0m▄[0m[38;2;0;0;0;48;2;0;0;0m▄[0m[38;2;0;0;0;48;2;0;0;0m▄[0m[38;2;0;0;0;48;2;0;0;0m▄[0m[38;2;0;0;0;48;2;0;0;0m▄[0m[38;2;0;0;0;48;2;0;0;0m▄[0m[38;2;0;0;0;48;2;0;0;0m▄[0m[38;2;0;0;0;48;2;0;0;0m▄[0m[38;2;0;0;0;48;2;0;0;0m▄[0m[38;2;0;0;0;48;2;0;0;0m▄[0m[38;2;0;0;0;48;2;0;0;0m▄[0m[38;2;0;0;0;48;2;0;0;0m▄[0m[38;2;0;0;0;48;2;0;0;0m▄[0m[38;2;0;0;0;48;2;0;0;0m▄[0m[38;2;0;0;0;48;2;0;0;0m▄[0m[38;2;0;0;0;48;2;13;0;0m▄[0m[38;2;4;0;0;48;2;86;1;2m▄[0m[38;2;33;0;0;48;2;195;4;7m▄[0m[38;2;122;1;2;48;2;201;4;7m▄[0m[38;2;193;3;5;48;2;145;0;3m▄[0m[38;2;161;1;4;48;2;126;0;2m▄[0m[38;2;117;0;2;48;2;112;0;2m▄[0m[38;2;149;1;4;48;2;120;0;3m▄[0m[38;2;200;4;6;48;2;145;0;4m▄[0m[38;2;107;1;2;48;2;218;5;7m▄[0m[38;2;21;0;0;48;2;195;4;6m▄[0m[38;2;0;0;0;48;2;68;1;2m▄[0m[38;2;0;0;0;48;2;14;0;0m▄[0m[38;2;0;0;0;48;2;0;0;0m▄[0m[38;2;0;0;0;48;2;0;0;0m▄[0m[38;2;0;0;0;48;2;0;0;0m▄[0m[38;2;0;0;0;48;2;0;0;0m▄[0m[38;2;0;0;0;48;2;0;0;0m▄[0m[38;2;0;0;0;48;2;0;0;0m▄[0m[38;2;0;0;0;48;2;0;0;0m▄[0m[38;2;0;0;0;48;2;0;0;0m▄[0m[38;2;0;0;0;48;2;0;0;0m▄[0m[38;2;0;0;0;48;2;0;0;0m▄[0m[38;2;0;0;0;48;2;0;0;0m▄[0m[38;2;0;0;0;48;2;0;0;0m▄[0m[38;2;0;0;0;48;2;0;0;0m▄[0m[38;2;0;0;0;48;2;0;0;0m▄[0m[38;2;0;0;0;48;2;0;0;0m▄[0m[38;2;0;0;0;48;2;0;0;0m▄[0m[38;2;0;0;0;48;2;0;0;0m▄[0m[38;2;0;0;0;48;2;0;0;0m▄[0m[38;2;0;0;0;48;2;0;0;0m▄[0m[38;2;0;0;0;48;2;0;0;0m▄[0m[38;2;0;0;0;48;2;0;0;0m▄[0m[38;2;0;0;0;48;2;0;0;0m▄[0m[38;2;0;0;0;48;2;0;0;0m▄[0m[0;40m           [0m
[0;40m          [0m[38;2;0;0;0;48;2;0;0;0m▄[0m[38;2;0;0;0;48;2;0;0;0m▄[0m[38;2;0;0;0;48;2;0;0;0m▄[0m[38;2;0;0;0;48;2;0;0;0m▄[0m[38;2;0;0;0;48;2;0;0;0m▄[0m[38;2;0;0;0;48;2;0;0;0m▄[0m[38;2;0;0;0;48;2;0;0;0m▄[0m[38;2;0;0;0;48;2;0;0;0m▄[0m[38;2;0;0;0;48;2;0;0;0m▄[0m[38;2;0;0;0;48;2;0;0;0m▄[0m[38;2;0;0;0;48;2;0;0;0m▄[0m[38;2;0;0;0;48;2;0;0;0m▄[0m[38;2;0;0;0;48;2;0;0;0m▄[0m[38;2;0;0;0;48;2;0;0;0m▄[0m[38;2;0;0;0;48;2;0;0;0m▄[0m[38;2;0;0;0;48;2;0;0;0m▄[0m[38;2;0;0;0;48;2;0;0;0m▄[0m[38;2;0;0;0;48;2;0;0;0m▄[0m[38;2;0;0;0;48;2;0;0;0m▄[0m[38;2;0;0;0;48;2;0;0;0m▄[0m[38;2;0;0;0;48;2;0;0;0m▄[0m[38;2;0;0;0;48;2;0;0;0m▄[0m[38;2;0;0;0;48;2;0;0;0m▄[0m[38;2;0;0;0;48;2;0;0;0m▄[0m[38;2;0;0;0;48;2;0;0;0m▄[0m[38;2;0;0;0;48;2;0;0;0m▄[0m[38;2;0;0;0;48;2;3;0;0m▄[0m[38;2;0;0;0;48;2;43;0;0m▄[0m[38;2;11;0;0;48;2;154;2;4m▄[0m[38;2;81;1;2;48;2;186;3;6m▄[0m[38;2;11;0;0;48;2;155;2;4m▄[0m[38;2;0;0;0;48;2;45;0;1m▄[0m[38;2;0;0;0;48;2;1;0;0m▄[0m[38;2;0;0;0;48;2;0;0;0m▄[0m[38;2;0;0;0;48;2;0;0;0m▄[0m[38;2;0;0;0;48;2;0;0;0m▄[0m[38;2;0;0;0;48;2;0;0;0m▄[0m[38;2;0;0;0;48;2;0;0;0m▄[0m[38;2;0;0;0;48;2;0;0;0m▄[0m[38;2;0;0;0;48;2;0;0;0m▄[0m[38;2;0;0;0;48;2;0;0;0m▄[0m[38;2;0;0;0;48;2;0;0;0m▄[0m[38;2;0;0;0;48;2;0;0;0m▄[0m[38;2;0;0;0;48;2;0;0;0m▄[0m[38;2;0;0;0;48;2;0;0;0m▄[0m[38;2;0;0;0;48;2;0;0;0m▄[0m[38;2;0;0;0;48;2;0;0;0m▄[0m[38;2;0;0;0;48;2;0;0;0m▄[0m[38;2;0;0;0;48;2;0;0;0m▄[0m[38;2;0;0;0;48;2;0;0;0m▄[0m[38;2;0;0;0;48;2;0;0;0m▄[0m[38;2;0;0;0;48;2;0;0;0m▄[0m[38;2;0;0;0;48;2;0;0;0m▄[0m[38;2;0;0;0;48;2;0;0;0m▄[0m[38;2;0;0;0;48;2;0;0;0m▄[0m[38;2;0;0;0;48;2;0;0;0m▄[0m[38;2;0;0;0;48;2;0;0;0m▄[0m[38;2;0;0;0;48;2;0;0;0m▄[0m[38;2;0;0;0;48;2;0;0;0m▄[0m[0;40m           [0m
[0;40m          [0m[38;2;0;0;0;48;2;0;0;0m▄[0m[38;2;0;0;0;48;2;0;0;0m▄[0m[38;2;2;0;0;48;2;2;0;0m▄[0m[38;2;65;35;2;48;2;156;93;5m▄[0m[38;2;250;144;5;48;2;172;78;2m▄[0m[38;2;220;130;5;48;2;130;68;2m▄[0m[38;2;19;6;0;48;2;61;43;9m▄[0m[38;2;0;0;0;48;2;0;0;0m▄[0m[38;2;0;0;0;48;2;0;0;0m▄[0m[38;2;0;0;0;48;2;0;0;0m▄[0m[38;2;0;0;0;48;2;0;0;0m▄[0m[38;2;0;0;0;48;2;0;0;0m▄[0m[38;2;0;0;0;48;2;0;0;0m▄[0m[38;2;0;0;0;48;2;0;0;0m▄[0m[38;2;0;0;0;48;2;0;0;0m▄[0m[38;2;0;0;0;48;2;0;0;0m▄[0m[38;2;0;0;0;48;2;0;0;0m▄[0m[38;2;0;0;0;48;2;0;0;0m▄[0m[38;2;0;0;0;48;2;0;0;0m▄[0m[38;2;0;0;0;48;2;0;0;0m▄[0m[38;2;0;0;0;48;2;0;0;0m▄[0m[38;2;0;0;0;48;2;0;0;0m▄[0m[38;2;0;0;0;48;2;0;0;0m▄[0m[38;2;0;0;0;48;2;0;0;0m▄[0m[38;2;0;0;0;48;2;0;0;0m▄[0m[38;2;0;0;0;48;2;0;0;0m▄[0m[38;2;0;0;0;48;2;0;0;0m▄[0m[38;2;0;0;0;48;2;0;0;0m▄[0m[38;2;0;0;0;48;2;0;0;0m▄[0m[38;2;0;0;0;48;2;0;0;0m▄[0m[38;2;39;28;1;48;2;0;0;0m▄[0m[38;2;59;36;1;48;2;0;0;0m▄[0m[38;2;57;38;2;48;2;0;0;0m▄[0m[38;2;5;2;0;48;2;0;0;0m▄[0m[38;2;0;0;0;48;2;0;0;0m▄[0m[38;2;0;0;0;48;2;0;0;0m▄[0m[38;2;0;0;0;48;2;0;0;0m▄[0m[38;2;0;0;0;48;2;0;0;0m▄[0m[38;2;0;0;0;48;2;0;0;0m▄[0m[38;2;0;0;0;48;2;0;0;0m▄[0m[38;2;24;21;9;48;2;0;0;0m▄[0m[38;2;231;156;42;48;2;2;0;0m▄[0m[38;2;230;146;32;48;2;0;0;0m▄[0m[38;2;229;145;27;48;2;0;0;0m▄[0m[38;2;230;146;28;48;2;0;0;0m▄[0m[38;2;190;125;28;48;2;0;0;0m▄[0m[38;2;0;0;0;48;2;0;0;0m▄[0m[38;2;0;0;0;48;2;0;0;0m▄[0m[38;2;0;0;0;48;2;0;0;0m▄[0m[38;2;0;0;0;48;2;0;0;0m▄[0m[38;2;0;0;0;48;2;0;0;0m▄[0m[38;2;0;0;0;48;2;0;0;0m▄[0m[38;2;62;34;1;48;2;0;0;0m▄[0m[38;2;114;56;2;48;2;0;0;0m▄[0m[38;2;158;98;18;48;2;0;0;0m▄[0m[38;2;164;116;37;48;2;0;0;0m▄[0m[38;2;86;61;22;48;2;0;0;0m▄[0m[38;2;0;0;0;48;2;0;0;0m▄[0m[38;2;0;0;0;48;2;0;0;0m▄[0m[0;40m           [0m
[38;2;0;0;0;48;2;0;0;0m▀[38;2;0;0;0;48;2;0;0;0m▀[38;2;0;0;0;48;2;0;0;0m▀[38;2;0;0;0;48;2;0;0;0m▀[38;2;0;0;0;48;2;0;0;0m▀[38;2;0;0;0;48;2;0;0;0m▀[38;2;0;0;0;48;2;0;0;0m▀[38;2;0;0;0;48;2;0;0;0m▀[38;2;0;0;0;48;2;0;0;0m▀[38;2;0;0;0;48;2;0;0;0m▀[38;2;0;0;0;48;2;0;0;0m▀[38;2;0;0;0;48;2;0;0;0m▀[38;2;0;0;0;48;2;0;0;0m▀[38;2;0;0;0;48;2;0;0;0m▀[38;2;255;232;2;48;2;255;255;32m▀[38;2;223;150;0;48;2;207;169;25m▀[38;2;0;0;0;48;2;69;41;0m▀[38;2;0;0;0;48;2;255;226;6m▀[38;2;0;0;0;48;2;255;232;10m▀[38;2;0;0;0;48;2;0;0;0m▀[38;2;206;98;0;48;2;255;255;16m▀[38;2;78;37;0;48;2;78;50;0m▀[38;2;0;0;0;48;2;87;61;0m▀[38;2;113;59;1;48;2;93;52;0m▀[38;2;185;90;2;48;2;222;173;6m▀[38;2;255;173;3;48;2;144;99;1m▀[38;2;255;218;14;48;2;0;0;0m▀[38;2;0;0;0;48;2;0;0;0m▀[38;2;0;0;0;48;2;225;136;3m▀[38;2;0;0;0;48;2;255;177;3m▀[38;2;0;0;0;48;2;0;0;0m▀[38;2;0;0;0;48;2;255;171;0m▀[38;2;0;0;0;48;2;208;130;0m▀[38;2;0;0;0;48;2;255;232;4m▀[38;2;0;0;0;48;2;178;108;0m▀[38;2;0;0;0;48;2;255;174;0m▀[38;2;0;0;0;48;2;214;123;0m▀[38;2;0;0;0;48;2;255;177;1m▀[38;2;0;0;0;48;2;222;142;1m▀[38;2;0;0;0;48;2;0;0;0m▀[38;2;0;0;0;48;2;0;0;0m▀[38;2;255;208;5;48;2;255;255;16m▀[38;2;115;51;0;48;2;0;0;0m▀[38;2;0;0;0;48;2;178;119;0m▀[38;2;0;0;0;48;2;255;189;0m▀[38;2;0;0;0;48;2;255;249;5m▀[38;2;0;0;0;48;2;0;0;0m▀[38;2;0;0;0;48;2;255;238;3m▀[38;2;0;0;0;48;2;212;129;0m▀[38;2;0;0;0;48;2;255;165;6m▀[38;2;0;0;0;48;2;0;0;0m▀[38;2;210;146;15;48;2;0;0;0m▀[38;2;206;129;1;48;2;87;76;10m▀[38;2;255;203;3;48;2;255;255;18m▀[38;2;104;78;2;48;2;0;0;0m▀[38;2;130;83;3;48;2;203;133;0m▀[38;2;0;0;0;48;2;250;151;0m▀[38;2;0;0;0;48;2;178;103;0m▀[38;2;0;0;0;48;2;255;235;0m▀[38;2;0;0;0;48;2;0;0;0m▀[38;2;147;82;1;48;2;255;234;9m▀[38;2;194;101;0;48;2;250;178;0m▀[38;2;0;0;0;48;2;0;0;0m▀[38;2;255;200;0;48;2;255;255;17m▀[38;2;170;110;2;48;2;0;0;0m▀[38;2;157;88;2;48;2;0;0;0m▀[38;2;186;130;7;48;2;0;0;0m▀[38;2;0;0;0;48;2;0;0;0m▀[38;2;0;0;0;48;2;0;0;0m▀[38;2;0;0;0;48;2;0;0;0m▀[38;2;0;0;0;48;2;0;0;0m▀[38;2;0;0;0;48;2;0;0;0m▀[38;2;0;0;0;48;2;0;0;0m▀[38;2;0;0;0;48;2;0;0;0m▀[38;2;0;0;0;48;2;0;0;0m▀[38;2;0;0;0;48;2;0;0;0m▀[38;2;0;0;0;48;2;0;0;0m▀[38;2;0;0;0;48;2;0;0;0m▀[38;2;0;0;0;48;2;0;0;0m▀[38;2;0;0;0;48;2;0;0;0m▀[0m
[38;2;0;0;0;48;2;0;0;0m▀[38;2;0;0;0;48;2;0;0;0m▀[38;2;0;0;0;48;2;0;0;0m▀[38;2;0;0;0;48;2;0;0;0m▀[38;2;0;0;0;48;2;0;0;0m▀[38;2;0;0;0;48;2;0;0;0m▀[38;2;0;0;0;48;2;0;0;0m▀[38;2;0;0;0;48;2;0;0;0m▀[38;2;0;0;0;48;2;0;0;0m▀[38;2;0;0;0;48;2;0;0;0m▀[38;2;0;0;0;48;2;0;0;0m▀[38;2;0;0;0;48;2;0;0;0m▀[38;2;0;0;0;48;2;0;0;0m▀[38;2;0;0;0;48;2;0;0;0m▀[38;2;255;255;96;48;2;255;255;113m▀[38;2;183;171;66;48;2;177;164;63m▀[38;2;207;183;48;48;2;208;209;81m▀[38;2;89;78;23;48;2;98;99;44m▀[38;2;115;109;37;48;2;116;111;46m▀[38;2;149;139;43;48;2;184;159;60m▀[38;2;253;222;70;48;2;143;143;56m▀[38;2;119;95;22;48;2;195;180;74m▀[38;2;169;147;42;48;2;249;225;79m▀[38;2;0;0;0;48;2;0;0;0m▀[38;2;236;220;79;48;2;251;225;81m▀[38;2;184;163;50;48;2;255;250;80m▀[38;2;0;0;0;48;2;176;132;46m▀[38;2;0;0;0;48;2;0;0;0m▀[38;2;73;57;5;48;2;0;0;0m▀[38;2;255;255;25;48;2;255;255;108m▀[38;2;0;0;0;48;2;193;171;63m▀[38;2;128;105;31;48;2;0;0;0m▀[38;2;255;255;97;48;2;255;255;125m▀[38;2;0;0;0;48;2;0;0;0m▀[38;2;255;255;73;48;2;255;255;108m▀[38;2;145;145;50;48;2;142;149;55m▀[38;2;123;107;35;48;2;138;118;43m▀[38;2;191;171;39;48;2;197;199;83m▀[38;2;127;113;23;48;2;138;123;45m▀[38;2;0;0;0;48;2;0;0;0m▀[38;2;0;0;0;48;2;0;0;0m▀[38;2;255;255;84;48;2;255;255;122m▀[38;2;0;0;0;48;2;0;0;0m▀[38;2;255;255;70;48;2;255;255;105m▀[38;2;0;0;0;48;2;0;0;0m▀[38;2;245;225;67;48;2;240;220;81m▀[38;2;116;99;29;48;2;112;99;53m▀[38;2;255;255;78;48;2;255;255;104m▀[38;2;0;0;0;48;2;0;0;0m▀[38;2;0;0;0;48;2;255;255;99m▀[38;2;0;0;0;48;2;0;0;0m▀[38;2;0;0;0;48;2;0;0;0m▀[38;2;106;104;44;48;2;174;132;47m▀[38;2;255;255;92;48;2;255;255;113m▀[38;2;0;0;0;48;2;0;0;0m▀[38;2;130;120;27;48;2;131;127;52m▀[38;2;191;173;53;48;2;198;184;69m▀[38;2;86;87;28;48;2;100;117;59m▀[38;2;255;255;84;48;2;255;245;82m▀[38;2;0;0;0;48;2;229;220;81m▀[38;2;255;255;76;48;2;255;245;87m▀[38;2;249;210;65;48;2;255;233;87m▀[38;2;0;0;0;48;2;0;0;0m▀[38;2;255;255;90;48;2;255;255;112m▀[38;2;0;0;0;48;2;251;242;86m▀[38;2;0;0;0;48;2;255;255;104m▀[38;2;0;0;0;48;2;0;0;0m▀[38;2;0;0;0;48;2;0;0;0m▀[38;2;0;0;0;48;2;0;0;0m▀[38;2;0;0;0;48;2;0;0;0m▀[38;2;0;0;0;48;2;0;0;0m▀[38;2;0;0;0;48;2;0;0;0m▀[38;2;0;0;0;48;2;0;0;0m▀[38;2;0;0;0;48;2;0;0;0m▀[38;2;0;0;0;48;2;0;0;0m▀[38;2;0;0;0;48;2;0;0;0m▀[38;2;0;0;0;48;2;0;0;0m▀[38;2;0;0;0;48;2;0;0;0m▀[38;2;0;0;0;48;2;0;0;0m▀[38;2;0;0;0;48;2;0;0;0m▀[0m
[38;2;0;0;0;48;2;0;0;0m▀[38;2;0;0;0;48;2;0;0;0m▀[38;2;0;0;0;48;2;0;0;0m▀[38;2;0;0;0;48;2;0;0;0m▀[38;2;0;0;0;48;2;0;0;0m▀[38;2;0;0;0;48;2;0;0;0m▀[38;2;0;0;0;48;2;0;0;0m▀[38;2;0;0;0;48;2;0;0;0m▀[38;2;0;0;0;48;2;0;0;0m▀[38;2;0;0;0;48;2;0;0;0m▀[38;2;0;0;0;48;2;0;0;0m▀[38;2;0;0;0;48;2;0;0;0m▀[38;2;0;0;0;48;2;0;0;0m▀[38;2;0;0;0;48;2;0;0;0m▀[38;2;255;93;0;48;2;255;117;2m▀[38;2;169;28;0;48;2;175;58;1m▀[38;2;204;57;0;48;2;202;92;2m▀[38;2;102;17;0;48;2;92;37;2m▀[38;2;112;13;0;48;2;101;55;2m▀[38;2;210;41;0;48;2;221;99;1m▀[38;2;0;0;0;48;2;0;0;0m▀[38;2;255;237;72;48;2;255;155;0m▀[38;2;248;143;18;48;2;171;55;0m▀[38;2;0;0;0;48;2;0;0;0m▀[38;2;255;73;0;48;2;255;117;3m▀[38;2;172;42;0;48;2;172;65;1m▀[38;2;0;0;0;48;2;0;0;0m▀[38;2;0;0;0;48;2;0;0;0m▀[38;2;0;0;0;48;2;0;0;0m▀[38;2;255;242;69;48;2;162;43;0m▀[38;2;255;255;88;48;2;255;85;0m▀[38;2;0;0;0;48;2;0;0;0m▀[38;2;255;131;0;48;2;255;193;6m▀[38;2;0;0;0;48;2;0;0;0m▀[38;2;255;88;0;48;2;255;150;3m▀[38;2;139;33;0;48;2;144;79;3m▀[38;2;139;19;0;48;2;128;49;1m▀[38;2;196;41;0;48;2;182;86;2m▀[38;2;148;34;0;48;2;146;68;3m▀[38;2;0;0;0;48;2;0;0;0m▀[38;2;0;0;0;48;2;0;0;0m▀[38;2;255;114;0;48;2;255;150;3m▀[38;2;0;0;0;48;2;0;0;0m▀[38;2;255;79;0;48;2;255;142;4m▀[38;2;0;0;0;48;2;0;0;0m▀[38;2;239;59;0;48;2;248;111;3m▀[38;2;118;13;0;48;2;115;72;3m▀[38;2;255;87;0;48;2;255;163;5m▀[38;2;0;0;0;48;2;0;0;0m▀[38;2;255;162;8;48;2;255;159;3m▀[38;2;0;0;0;48;2;0;0;0m▀[38;2;0;0;0;48;2;0;0;0m▀[38;2;105;15;0;48;2;110;47;0m▀[38;2;255;89;0;48;2;255;151;4m▀[38;2;0;0;0;48;2;0;0;0m▀[38;2;126;22;0;48;2;131;55;0m▀[38;2;198;42;0;48;2;200;94;2m▀[38;2;112;2;0;48;2;130;41;0m▀[38;2;147;60;0;48;2;75;22;0m▀[38;2;255;200;35;48;2;255;115;0m▀[38;2;132;23;0;48;2;101;22;0m▀[38;2;255;87;0;48;2;255;100;1m▀[38;2;0;0;0;48;2;0;0;0m▀[38;2;255;118;0;48;2;255;125;0m▀[38;2;118;85;6;48;2;0;0;0m▀[38;2;226;143;21;48;2;0;0;0m▀[38;2;0;0;0;48;2;0;0;0m▀[38;2;0;0;0;48;2;0;0;0m▀[38;2;0;0;0;48;2;0;0;0m▀[38;2;0;0;0;48;2;0;0;0m▀[38;2;0;0;0;48;2;0;0;0m▀[38;2;0;0;0;48;2;0;0;0m▀[38;2;0;0;0;48;2;0;0;0m▀[38;2;0;0;0;48;2;0;0;0m▀[38;2;0;0;0;48;2;0;0;0m▀[38;2;0;0;0;48;2;0;0;0m▀[38;2;0;0;0;48;2;0;0;0m▀[38;2;0;0;0;48;2;0;0;0m▀[38;2;0;0;0;48;2;0;0;0m▀[38;2;0;0;0;48;2;0;0;0m▀[0m
[38;2;0;0;0;48;2;0;0;0m▀[38;2;0;0;0;48;2;0;0;0m▀[38;2;0;0;0;48;2;0;0;0m▀[38;2;0;0;0;48;2;0;0;0m▀[38;2;0;0;0;48;2;0;0;0m▀[38;2;0;0;0;48;2;0;0;0m▀[38;2;0;0;0;48;2;0;0;0m▀[38;2;0;0;0;48;2;0;0;0m▀[38;2;0;0;0;48;2;0;0;0m▀[38;2;0;0;0;48;2;0;0;0m▀[38;2;0;0;0;48;2;0;0;0m▀[38;2;0;0;0;48;2;0;0;0m▀[38;2;0;0;0;48;2;0;0;0m▀[38;2;0;0;0;48;2;0;0;0m▀[38;2;255;155;4;48;2;255;180;4m▀[38;2;199;106;3;48;2;246;129;5m▀[38;2;173;95;2;48;2;0;0;0m▀[38;2;207;104;2;48;2;213;134;13m▀[38;2;242;137;3;48;2;146;94;1m▀[38;2;171;75;1;48;2;73;34;18m▀[38;2;0;0;0;48;2;0;0;0m▀[38;2;255;230;8;48;2;255;246;12m▀[38;2;61;25;1;48;2;0;0;0m▀[38;2;0;0;0;48;2;0;0;0m▀[38;2;255;158;3;48;2;238;148;20m▀[38;2;255;169;13;48;2;84;49;13m▀[38;2;255;236;17;48;2;0;0;0m▀[38;2;0;0;0;48;2;0;0;0m▀[38;2;0;0;0;48;2;0;0;0m▀[38;2;157;99;4;48;2;159;110;2m▀[38;2;255;144;4;48;2;255;192;6m▀[38;2;0;0;0;48;2;0;0;0m▀[38;2;255;185;7;48;2;0;0;0m▀[38;2;255;159;4;48;2;139;105;24m▀[38;2;255;155;5;48;2;0;0;0m▀[38;2;102;63;0;48;2;0;0;0m▀[38;2;255;185;4;48;2;104;74;26m▀[38;2;255;212;6;48;2;74;50;5m▀[38;2;96;48;2;48;2;0;0;0m▀[38;2;0;0;0;48;2;0;0;0m▀[38;2;0;0;0;48;2;0;0;0m▀[38;2;255;198;4;48;2;255;233;5m▀[38;2;0;0;0;48;2;100;104;26m▀[38;2;130;64;0;48;2;0;0;0m▀[38;2;255;191;6;48;2;88;107;44m▀[38;2;255;194;4;48;2;0;0;0m▀[38;2;0;0;0;48;2;0;0;0m▀[38;2;255;198;4;48;2;62;38;1m▀[38;2;139;89;5;48;2;194;133;21m▀[38;2;255;194;4;48;2;255;169;19m▀[38;2;0;0;0;48;2;0;0;0m▀[38;2;0;0;0;48;2;0;0;0m▀[38;2;111;70;2;48;2;111;75;2m▀[38;2;255;180;6;48;2;255;205;5m▀[38;2;0;0;0;48;2;0;0;0m▀[38;2;127;65;1;48;2;184;121;4m▀[38;2;201;106;3;48;2;228;149;2m▀[38;2;145;84;3;48;2;158;110;3m▀[38;2;0;0;0;48;2;0;0;0m▀[38;2;195;102;4;48;2;0;0;0m▀[38;2;125;62;1;48;2;151;95;2m▀[38;2;255;136;3;48;2;255;168;7m▀[38;2;0;0;0;48;2;0;0;0m▀[38;2;255;178;6;48;2;255;195;5m▀[38;2;69;50;2;48;2;69;55;3m▀[38;2;0;0;0;48;2;0;0;0m▀[38;2;0;0;0;48;2;0;0;0m▀[38;2;0;0;0;48;2;0;0;0m▀[38;2;0;0;0;48;2;0;0;0m▀[38;2;0;0;0;48;2;0;0;0m▀[38;2;0;0;0;48;2;0;0;0m▀[38;2;0;0;0;48;2;0;0;0m▀[38;2;0;0;0;48;2;0;0;0m▀[38;2;0;0;0;48;2;0;0;0m▀[38;2;0;0;0;48;2;0;0;0m▀[38;2;0;0;0;48;2;0;0;0m▀[38;2;0;0;0;48;2;0;0;0m▀[38;2;0;0;0;48;2;0;0;0m▀[38;2;0;0;0;48;2;0;0;0m▀[38;2;0;0;0;48;2;0;0;0m▀[0m
[38;2;0;0;0;48;2;0;0;0m▀[38;2;0;0;0;48;2;0;0;0m▀[38;2;0;0;0;48;2;0;0;0m▀[38;2;0;0;0;48;2;0;0;0m▀[38;2;0;0;0;48;2;0;0;0m▀[38;2;0;0;0;48;2;0;0;0m▀[38;2;0;0;0;48;2;0;0;0m▀[38;2;0;0;0;48;2;0;0;0m▀[38;2;0;0;0;48;2;0;0;0m▀[38;2;0;0;0;48;2;0;0;0m▀[38;2;0;0;0;48;2;0;0;0m▀[38;2;0;0;0;48;2;0;0;0m▀[38;2;0;0;0;48;2;0;0;0m▀[38;2;0;0;0;48;2;0;0;0m▀[38;2;255;216;8;48;2;255;254;4m▀[38;2;226;141;2;48;2;255;255;25m▀[38;2;0;0;0;48;2;255;255;60m▀[38;2;108;94;22;48;2;255;160;22m▀[38;2;255;206;37;48;2;158;72;25m▀[38;2;255;188;17;48;2;94;9;9m▀[38;2;0;0;0;48;2;0;0;0m▀[38;2;210;139;7;48;2;0;0;0m▀[38;2;0;0;0;48;2;0;0;0m▀[38;2;0;0;0;48;2;0;0;0m▀[38;2;0;0;0;48;2;0;0;0m▀[38;2;0;0;0;48;2;0;0;0m▀[38;2;0;0;0;48;2;0;0;0m▀[38;2;0;0;0;48;2;0;0;0m▀[38;2;0;0;0;48;2;0;0;0m▀[38;2;229;190;27;48;2;143;87;38m▀[38;2;255;255;35;48;2;0;0;0m▀[38;2;0;0;0;48;2;0;0;0m▀[38;2;0;0;0;48;2;0;0;0m▀[38;2;0;0;0;48;2;0;0;0m▀[38;2;0;0;0;48;2;0;0;0m▀[38;2;0;0;0;48;2;0;0;0m▀[38;2;0;0;0;48;2;0;0;0m▀[38;2;0;0;0;48;2;0;0;0m▀[38;2;0;0;0;48;2;0;0;0m▀[38;2;0;0;0;48;2;0;0;0m▀[38;2;88;68;26;48;2;0;0;0m▀[38;2;255;195;12;48;2;0;0;0m▀[38;2;255;180;15;48;2;0;0;0m▀[38;2;255;192;24;48;2;0;0;0m▀[38;2;255;210;20;48;2;0;0;0m▀[38;2;113;62;6;48;2;0;0;0m▀[38;2;0;0;0;48;2;0;0;0m▀[38;2;0;0;0;48;2;0;0;0m▀[38;2;0;0;0;48;2;0;0;0m▀[38;2;0;0;0;48;2;0;0;0m▀[38;2;0;0;0;48;2;0;0;0m▀[38;2;0;0;0;48;2;0;0;0m▀[38;2;99;85;12;48;2;255;227;84m▀[38;2;255;244;0;48;2;255;255;97m▀[38;2;0;0;0;48;2;191;148;58m▀[38;2;0;0;0;48;2;0;0;0m▀[38;2;115;76;24;48;2;0;0;0m▀[38;2;195;130;27;48;2;0;0;0m▀[38;2;111;58;13;48;2;0;0;0m▀[38;2;0;0;0;48;2;0;0;0m▀[38;2;204;159;11;48;2;129;74;29m▀[38;2;255;206;1;48;2;242;162;41m▀[38;2;0;0;0;48;2;169;148;48m▀[38;2;255;222;2;48;2;255;255;26m▀[38;2;0;0;0;48;2;253;195;20m▀[38;2;0;0;0;48;2;165;143;30m▀[38;2;153;79;36;48;2;227;145;32m▀[38;2;0;0;0;48;2;0;0;0m▀[38;2;0;0;0;48;2;0;0;0m▀[38;2;0;0;0;48;2;0;0;0m▀[38;2;0;0;0;48;2;0;0;0m▀[38;2;0;0;0;48;2;0;0;0m▀[38;2;0;0;0;48;2;0;0;0m▀[38;2;0;0;0;48;2;0;0;0m▀[38;2;0;0;0;48;2;0;0;0m▀[38;2;0;0;0;48;2;0;0;0m▀[38;2;0;0;0;48;2;0;0;0m▀[38;2;0;0;0;48;2;0;0;0m▀[38;2;0;0;0;48;2;0;0;0m▀[38;2;0;0;0;48;2;0;0;0m▀[0m
[38;2;0;0;0;48;2;0;0;0m▀[38;2;0;0;0;48;2;0;0;0m▀[38;2;0;0;0;48;2;0;0;0m▀[38;2;0;0;0;48;2;0;0;0m▀[38;2;0;0;0;48;2;0;0;0m▀[38;2;0;0;0;48;2;0;0;0m▀[38;2;0;0;0;48;2;0;0;0m▀[38;2;0;0;0;48;2;0;0;0m▀[38;2;0;0;0;48;2;0;0;0m▀[38;2;0;0;0;48;2;0;0;0m▀[38;2;0;0;0;48;2;0;0;0m▀[38;2;0;0;0;48;2;0;0;0m▀[38;2;0;0;0;48;2;82;43;13m▀[38;2;255;223;49;48;2;177;49;20m▀[38;2;255;195;43;48;2;0;0;0m▀[38;2;139;27;24;48;2;0;0;0m▀[38;2;0;0;0;48;2;0;0;0m▀[38;2;0;0;0;48;2;0;0;0m▀[38;2;0;0;0;48;2;0;0;0m▀[38;2;0;0;0;48;2;0;0;0m▀[38;2;0;0;0;48;2;0;0;0m▀[38;2;0;0;0;48;2;0;0;0m▀[38;2;0;0;0;48;2;0;0;0m▀[38;2;0;0;0;48;2;0;0;0m▀[38;2;0;0;0;48;2;0;0;0m▀[38;2;0;0;0;48;2;0;0;0m▀[38;2;0;0;0;48;2;0;0;0m▀[38;2;0;0;0;48;2;0;0;0m▀[38;2;0;0;0;48;2;0;0;0m▀[38;2;0;0;0;48;2;0;0;0m▀[38;2;0;0;0;48;2;0;0;0m▀[38;2;0;0;0;48;2;0;0;0m▀[38;2;0;0;0;48;2;0;0;0m▀[38;2;0;0;0;48;2;0;0;0m▀[38;2;0;0;0;48;2;0;0;0m▀[38;2;0;0;0;48;2;0;0;0m▀[38;2;0;0;0;48;2;0;0;0m▀[38;2;0;0;0;48;2;0;0;0m▀[38;2;0;0;0;48;2;0;0;0m▀[38;2;0;0;0;48;2;0;0;0m▀[38;2;0;0;0;48;2;0;0;0m▀[38;2;0;0;0;48;2;0;0;0m▀[38;2;0;0;0;48;2;0;0;0m▀[38;2;0;0;0;48;2;0;0;0m▀[38;2;0;0;0;48;2;0;0;0m▀[38;2;0;0;0;48;2;0;0;0m▀[38;2;0;0;0;48;2;0;0;0m▀[38;2;0;0;0;48;2;0;0;0m▀[38;2;0;0;0;48;2;0;0;0m▀[38;2;0;0;0;48;2;0;0;0m▀[38;2;0;0;0;48;2;0;0;0m▀[38;2;0;0;0;48;2;0;0;0m▀[38;2;119;21;0;48;2;0;0;0m▀[38;2;255;255;22;48;2;255;139;13m▀[38;2;0;0;0;48;2;0;0;0m▀[38;2;0;0;0;48;2;0;0;0m▀[38;2;0;0;0;48;2;0;0;0m▀[38;2;0;0;0;48;2;0;0;0m▀[38;2;0;0;0;48;2;0;0;0m▀[38;2;0;0;0;48;2;0;0;0m▀[38;2;0;0;0;48;2;0;0;0m▀[38;2;0;0;0;48;2;0;0;0m▀[38;2;0;0;0;48;2;0;0;0m▀[38;2;72;6;11;48;2;0;0;0m▀[38;2;239;151;35;48;2;0;0;0m▀[38;2;255;255;27;48;2;74;0;9m▀[38;2;218;137;15;48;2;184;78;15m▀[38;2;0;0;0;48;2;0;0;0m▀[38;2;0;0;0;48;2;0;0;0m▀[38;2;0;0;0;48;2;0;0;0m▀[38;2;0;0;0;48;2;0;0;0m▀[38;2;0;0;0;48;2;0;0;0m▀[38;2;0;0;0;48;2;0;0;0m▀[38;2;0;0;0;48;2;0;0;0m▀[38;2;0;0;0;48;2;0;0;0m▀[38;2;0;0;0;48;2;0;0;0m▀[38;2;0;0;0;48;2;0;0;0m▀[38;2;0;0;0;48;2;0;0;0m▀[38;2;0;0;0;48;2;0;0;0m▀[38;2;0;0;0;48;2;0;0;0m▀[0m
[38;2;0;0;0;48;2;0;0;0m▀[38;2;0;0;0;48;2;0;0;0m▀[38;2;0;0;0;48;2;0;0;0m▀[38;2;0;0;0;48;2;0;0;0m▀[38;2;0;0;0;48;2;0;0;0m▀[38;2;0;0;0;48;2;0;0;0m▀[38;2;0;0;0;48;2;0;0;0m▀[38;2;0;0;0;48;2;0;0;0m▀[38;2;0;0;0;48;2;0;0;0m▀[38;2;0;0;0;48;2;0;0;0m▀[38;2;0;0;0;48;2;0;0;0m▀[38;2;0;0;0;48;2;0;0;0m▀[38;2;0;0;0;48;2;0;0;0m▀[38;2;0;0;0;48;2;0;0;0m▀[38;2;0;0;0;48;2;0;0;0m▀[38;2;0;0;0;48;2;0;0;0m▀[38;2;0;0;0;48;2;0;0;0m▀[38;2;0;0;0;48;2;0;0;0m▀[38;2;0;0;0;48;2;0;0;0m▀[38;2;0;0;0;48;2;0;0;0m▀[38;2;0;0;0;48;2;0;0;0m▀[38;2;0;0;0;48;2;0;0;0m▀[38;2;0;0;0;48;2;0;0;0m▀[38;2;0;0;0;48;2;0;0;0m▀[38;2;0;0;0;48;2;0;0;0m▀[38;2;0;0;0;48;2;0;0;0m▀[38;2;0;0;0;48;2;0;0;0m▀[38;2;0;0;0;48;2;0;0;0m▀[38;2;0;0;0;48;2;0;0;0m▀[38;2;0;0;0;48;2;0;0;0m▀[38;2;0;0;0;48;2;0;0;0m▀[38;2;0;0;0;48;2;0;0;0m▀[38;2;0;0;0;48;2;0;0;0m▀[38;2;0;0;0;48;2;0;0;0m▀[38;2;0;0;0;48;2;0;0;0m▀[38;2;0;0;0;48;2;0;0;0m▀[38;2;0;0;0;48;2;0;0;0m▀[38;2;0;0;0;48;2;0;0;0m▀[38;2;0;0;0;48;2;0;0;0m▀[38;2;0;0;0;48;2;0;0;0m▀[38;2;0;0;0;48;2;0;0;0m▀[38;2;0;0;0;48;2;0;0;0m▀[38;2;0;0;0;48;2;0;0;0m▀[38;2;0;0;0;48;2;0;0;0m▀[38;2;0;0;0;48;2;0;0;0m▀[38;2;0;0;0;48;2;0;0;0m▀[38;2;0;0;0;48;2;0;0;0m▀[38;2;0;0;0;48;2;0;0;0m▀[38;2;0;0;0;48;2;0;0;0m▀[38;2;0;0;0;48;2;0;0;0m▀[38;2;0;0;0;48;2;0;0;0m▀[38;2;0;0;0;48;2;0;0;0m▀[38;2;0;0;0;48;2;0;0;0m▀[38;2;0;0;0;48;2;0;0;0m▀[38;2;0;0;0;48;2;0;0;0m▀[38;2;0;0;0;48;2;0;0;0m▀[38;2;0;0;0;48;2;0;0;0m▀[38;2;0;0;0;48;2;0;0;0m▀[38;2;0;0;0;48;2;0;0;0m▀[38;2;0;0;0;48;2;0;0;0m▀[38;2;0;0;0;48;2;0;0;0m▀[38;2;0;0;0;48;2;0;0;0m▀[38;2;0;0;0;48;2;0;0;0m▀[38;2;0;0;0;48;2;0;0;0m▀[38;2;0;0;0;48;2;0;0;0m▀[38;2;0;0;0;48;2;0;0;0m▀[38;2;0;0;0;48;2;0;0;0m▀[38;2;0;0;0;48;2;0;0;0m▀[38;2;0;0;0;48;2;0;0;0m▀[38;2;0;0;0;48;2;0;0;0m▀[38;2;0;0;0;48;2;0;0;0m▀[38;2;0;0;0;48;2;0;0;0m▀[38;2;0;0;0;48;2;0;0;0m▀[38;2;0;0;0;48;2;0;0;0m▀[38;2;0;0;0;48;2;0;0;0m▀[38;2;0;0;0;48;2;0;0;0m▀[38;2;0;0;0;48;2;0;0;0m▀[38;2;0;0;0;48;2;0;0;0m▀[38;2;0;0;0;48;2;0;0;0m▀[38;2;0;0;0;48;2;0;0;0m▀[0m
[38;2;0;0;0;48;2;0;0;0m▀[38;2;0;0;0;48;2;0;0;0m▀[38;2;0;0;0;48;2;0;0;0m▀[38;2;0;0;0;48;2;0;0;0m▀[38;2;0;0;0;48;2;0;0;0m▀[38;2;0;0;0;48;2;0;0;0m▀[38;2;0;0;0;48;2;0;0;0m▀[38;2;0;0;0;48;2;0;0;0m▀[38;2;0;0;0;48;2;0;0;0m▀[38;2;0;0;0;48;2;0;0;0m▀[38;2;0;0;0;48;2;0;0;0m▀[38;2;0;0;0;48;2;0;0;0m▀[38;2;0;0;0;48;2;0;0;0m▀[38;2;0;0;0;48;2;0;0;0m▀[38;2;0;0;0;48;2;0;0;0m▀[38;2;0;0;0;48;2;0;0;0m▀[38;2;0;0;0;48;2;0;0;0m▀[38;2;0;0;0;48;2;0;0;0m▀[38;2;0;0;0;48;2;0;0;0m▀[38;2;0;0;0;48;2;0;0;0m▀[38;2;0;0;0;48;2;0;0;0m▀[38;2;0;0;0;48;2;0;0;0m▀[38;2;0;0;0;48;2;0;0;0m▀[38;2;0;0;0;48;2;0;0;0m▀[38;2;0;0;0;48;2;0;0;0m▀[38;2;0;0;0;48;2;0;0;0m▀[38;2;0;0;0;48;2;0;0;0m▀[38;2;0;0;0;48;2;0;0;0m▀[38;2;0;0;0;48;2;0;0;0m▀[38;2;0;0;0;48;2;0;0;0m▀[38;2;0;0;0;48;2;0;0;0m▀[38;2;0;0;0;48;2;0;0;0m▀[38;2;0;0;0;48;2;0;0;0m▀[38;2;0;0;0;48;2;0;0;0m▀[38;2;0;0;0;48;2;0;0;0m▀[38;2;0;0;0;48;2;0;0;0m▀[38;2;0;0;0;48;2;0;0;0m▀[38;2;0;0;0;48;2;0;0;0m▀[38;2;0;0;0;48;2;0;0;0m▀[38;2;0;0;0;48;2;0;0;0m▀[38;2;0;0;0;48;2;0;0;0m▀[38;2;0;0;0;48;2;0;0;0m▀[38;2;0;0;0;48;2;0;0;0m▀[38;2;0;0;0;48;2;0;0;0m▀[38;2;0;0;0;48;2;0;0;0m▀[38;2;0;0;0;48;2;0;0;0m▀[38;2;0;0;0;48;2;0;0;0m▀[38;2;0;0;0;48;2;0;0;0m▀[38;2;0;0;0;48;2;0;0;0m▀[38;2;0;0;0;48;2;0;0;0m▀[38;2;0;0;0;48;2;0;0;0m▀[38;2;0;0;0;48;2;0;0;0m▀[38;2;0;0;0;48;2;0;0;0m▀[38;2;0;0;0;48;2;0;0;0m▀[38;2;0;0;0;48;2;0;0;0m▀[38;2;0;0;0;48;2;0;0;0m▀[38;2;0;0;0;48;2;0;0;0m▀[38;2;0;0;0;48;2;0;0;0m▀[38;2;0;0;0;48;2;0;0;0m▀[38;2;0;0;0;48;2;0;0;0m▀[38;2;0;0;0;48;2;0;0;0m▀[38;2;0;0;0;48;2;0;0;0m▀[38;2;0;0;0;48;2;0;0;0m▀[38;2;0;0;0;48;2;0;0;0m▀[38;2;0;0;0;48;2;0;0;0m▀[38;2;0;0;0;48;2;0;0;0m▀[38;2;0;0;0;48;2;0;0;0m▀[38;2;0;0;0;48;2;0;0;0m▀[38;2;0;0;0;48;2;0;0;0m▀[38;2;0;0;0;48;2;0;0;0m▀[38;2;0;0;0;48;2;0;0;0m▀[38;2;0;0;0;48;2;0;0;0m▀[38;2;0;0;0;48;2;0;0;0m▀[38;2;0;0;0;48;2;0;0;0m▀[38;2;0;0;0;48;2;0;0;0m▀[38;2;0;0;0;48;2;0;0;0m▀[38;2;0;0;0;48;2;0;0;0m▀[38;2;0;0;0;48;2;0;0;0m▀[38;2;0;0;0;48;2;0;0;0m▀[38;2;0;0;0;48;2;0;0;0m▀[0m
[38;2;0;0;0;48;2;0;0;0m▀[38;2;0;0;0;48;2;0;0;0m▀[38;2;0;0;0;48;2;0;0;0m▀[38;2;0;0;0;48;2;0;0;0m▀[38;2;0;0;0;48;2;0;0;0m▀[38;2;0;0;0;48;2;0;0;0m▀[38;2;0;0;0;48;2;0;0;0m▀[38;2;0;0;0;48;2;0;0;0m▀[38;2;0;0;0;48;2;0;0;0m▀[38;2;0;0;0;48;2;0;0;0m▀[38;2;0;0;0;48;2;0;0;0m▀[38;2;0;0;0;48;2;0;0;0m▀[38;2;0;0;0;48;2;0;0;0m▀[38;2;0;0;0;48;2;0;0;0m▀[38;2;0;0;0;48;2;0;0;0m▀[38;2;0;0;0;48;2;0;0;0m▀[38;2;0;0;0;48;2;0;0;0m▀[38;2;0;0;0;48;2;0;0;0m▀[38;2;0;0;0;48;2;0;0;0m▀[38;2;0;0;0;48;2;0;0;0m▀[38;2;0;0;0;48;2;0;0;0m▀[38;2;0;0;0;48;2;0;0;0m▀[38;2;0;0;0;48;2;0;0;0m▀[38;2;0;0;0;48;2;0;0;0m▀[38;2;0;0;0;48;2;0;0;0m▀[38;2;0;0;0;48;2;0;0;0m▀[38;2;0;0;0;48;2;0;0;0m▀[38;2;0;0;0;48;2;0;0;0m▀[38;2;0;0;0;48;2;0;0;0m▀[38;2;0;0;0;48;2;0;0;0m▀[38;2;0;0;0;48;2;0;0;0m▀[38;2;0;0;0;48;2;0;0;0m▀[38;2;0;0;0;48;2;0;0;0m▀[38;2;0;0;0;48;2;0;0;0m▀[38;2;0;0;0;48;2;0;0;0m▀[38;2;0;0;0;48;2;0;0;0m▀[38;2;0;0;0;48;2;0;0;0m▀[38;2;0;0;0;48;2;0;0;0m▀[38;2;0;0;0;48;2;0;0;0m▀[38;2;0;0;0;48;2;0;0;0m▀[38;2;0;0;0;48;2;0;0;0m▀[38;2;0;0;0;48;2;0;0;0m▀[38;2;0;0;0;48;2;0;0;0m▀[38;2;0;0;0;48;2;0;0;0m▀[38;2;0;0;0;48;2;0;0;0m▀[38;2;0;0;0;48;2;0;0;0m▀[38;2;0;0;0;48;2;0;0;0m▀[38;2;0;0;0;48;2;0;0;0m▀[38;2;0;0;0;48;2;0;0;0m▀[38;2;0;0;0;48;2;0;0;0m▀[38;2;0;0;0;48;2;0;0;0m▀[38;2;0;0;0;48;2;0;0;0m▀[38;2;0;0;0;48;2;0;0;0m▀[38;2;0;0;0;48;2;0;0;0m▀[38;2;0;0;0;48;2;0;0;0m▀[38;2;0;0;0;48;2;0;0;0m▀[38;2;0;0;0;48;2;0;0;0m▀[38;2;0;0;0;48;2;0;0;0m▀[38;2;0;0;0;48;2;0;0;0m▀[38;2;0;0;0;48;2;0;0;0m▀[38;2;0;0;0;48;2;0;0;0m▀[38;2;0;0;0;48;2;0;0;0m▀[38;2;0;0;0;48;2;0;0;0m▀[38;2;0;0;0;48;2;0;0;0m▀[38;2;0;0;0;48;2;0;0;0m▀[38;2;0;0;0;48;2;0;0;0m▀[38;2;0;0;0;48;2;0;0;0m▀[38;2;0;0;0;48;2;0;0;0m▀[38;2;0;0;0;48;2;0;0;0m▀[38;2;0;0;0;48;2;0;0;0m▀[38;2;0;0;0;48;2;0;0;0m▀[38;2;0;0;0;48;2;0;0;0m▀[38;2;0;0;0;48;2;0;0;0m▀[38;2;0;0;0;48;2;0;0;0m▀[38;2;0;0;0;48;2;0;0;0m▀[38;2;0;0;0;48;2;0;0;0m▀[38;2;0;0;0;48;2;0;0;0m▀[38;2;0;0;0;48;2;0;0;0m▀[38;2;0;0;0;48;2;0;0;0m▀[38;2;0;0;0;48;2;0;0;0m▀[0m
